horse 0.898829 36 188 179 338
person 0.796066 212 137 252 206
car 0.730139 365 183 414 299
person 0.277118 326 180 356 282
person 0.160967 303 177 323 212
person 0.143304 289 199 315 271
person 0.114665 313 175 332 212
person 0.087485 333 184 355 220
car 0.0861269 341 171 403 308
person 0.0716126 289 185 327 250
person 0.0663231 311 170 336 229
person 0.0647169 327 170 359 230
person 0.0646516 318 170 374 294
person 0.0618686 210 146 247 248
person 0.0605465 299 170 328 227
person 0.0575001 0 235 14 261
car 0.050269 288 154 385 311
