chair 0.806065 78 187 201 349
chair 0.786647 44 183 109 375
person 0.685185 81 109 137 191
person 0.681852 314 24 365 132
person 0.493727 146 134 184 181
clock 0.312216 46 22 63 44
chair 0.254927 0 397 49 415
dining_table 0.197921 45 189 233 406
laptop 0.177533 272 262 416 416
person 0.172784 145 152 207 267
laptop 0.158901 222 132 416 416
dining_table 0.118406 21 314 218 415
person 0.0963363 147 135 166 178
chair 0.0923279 176 186 233 291
book 0.0901695 397 76 415 119
chair 0.0881736 188 125 212 146
person 0.0795837 137 111 153 151
chair 0.0574947 7 193 94 393
