sports_ball 0.953787 154 362 176 381
tennis_racket 0.815111 121 267 237 299
person 0.672785 171 80 360 415
person 0.641008 228 0 312 26
chair 0.480057 340 61 416 140
person 0.41861 194 0 231 17
person 0.401311 154 0 210 19
person 0.333413 239 0 292 20
person 0.24052 1 0 44 17
person 0.218206 334 0 382 21
person 0.177332 97 0 143 15
person 0.164416 113 0 155 17
person 0.158829 214 0 250 16
person 0.147686 40 0 67 19
person 0.142605 66 0 108 16
person 0.134344 226 0 265 18
person 0.133474 127 0 174 18
person 0.128245 20 0 59 17
person 0.126332 274 0 319 20
person 0.122211 56 0 89 17
person 0.112822 376 0 415 21
person 0.106305 329 0 414 29
person 0.105846 356 0 389 23
person 0.0574685 123 1 231 25
