cow 0.968891 204 195 262 345
cow 0.956284 138 191 203 295
motorbike 0.817148 335 214 406 325
bus 0.774551 206 82 346 334
cow 0.733538 99 184 132 315
cow 0.720998 29 186 90 313
cow 0.63391 253 203 314 331
person 0.55877 341 170 367 263
car 0.371369 184 166 205 197
person 0.361432 359 167 393 266
person 0.246313 306 153 326 187
bus 0.179581 33 137 184 204
person 0.156714 246 146 278 198
cow 0.100772 128 182 147 217
person 0.0793454 277 142 316 191
cow 0.0661202 79 183 101 208
car 0.0629687 132 187 166 214
cow 0.0575547 124 208 149 285
car 0.0566143 385 172 409 198
cow 0.0529761 76 191 104 305
