clock 0.629837 245 52 353 237
person 0.575069 207 295 247 354
person 0.463418 242 278 275 341
person 0.357719 378 243 398 279
person 0.338881 273 269 306 351
person 0.317692 69 214 94 279
person 0.312503 256 244 274 275
person 0.294935 371 271 404 354
person 0.264403 211 341 254 405
person 0.244831 174 311 204 369
person 0.229893 115 250 145 373
person 0.222661 324 288 359 402
person 0.210932 348 244 370 277
person 0.206275 148 249 185 373
person 0.200165 191 265 213 302
bowl 0.151809 71 309 129 388
person 0.150528 361 258 379 298
person 0.140044 140 251 164 372
person 0.135739 216 271 238 311
person 0.124162 345 248 373 305
person 0.121705 273 234 290 268
potted_plant 0.121053 12 208 37 234
person 0.117185 261 330 299 398
person 0.113131 333 255 351 297
person 0.110184 327 285 357 346
person 0.0943653 207 241 224 285
person 0.0802292 315 240 332 266
person 0.0686542 57 207 92 265
chair 0.0685269 170 370 193 403
dining_table 0.0679947 305 270 328 293
person 0.0675958 330 282 348 313
dining_table 0.0643776 173 324 259 406
person 0.0622947 156 245 186 314
person 0.058555 288 233 303 267
person 0.0527399 110 247 136 314
person 0.0527215 298 288 330 401
person 0.0503927 29 234 48 260
person 0.0503674 375 274 400 314
