bus 0.980161 235 147 398 332
person 0.888985 187 223 213 335
person 0.86819 221 224 244 328
person 0.845085 120 222 147 331
person 0.773913 84 224 108 341
person 0.760077 42 219 66 331
person 0.746022 207 222 230 332
person 0.603675 170 225 193 330
person 0.585834 152 224 177 331
person 0.447025 141 218 163 332
person 0.334236 58 222 77 337
person 0.281913 266 202 294 255
backpack 0.226242 210 244 228 280
person 0.0846838 149 217 164 252
person 0.0832464 316 213 339 248
person 0.0624627 226 223 241 266
person 0.0599004 207 220 224 251
handbag 0.0579342 45 227 62 268
handbag 0.0568451 224 244 241 279
