person 0.895552 61 89 167 385
person 0.619566 178 23 382 398
person 0.341585 360 126 388 242
apple 0.237159 89 391 117 415
apple 0.234236 154 382 176 412
person 0.198711 395 115 416 254
suitcase 0.194177 3 343 69 415
person 0.187759 353 138 375 227
person 0.180584 330 123 354 180
apple 0.160722 70 362 164 416
apple 0.149743 72 257 210 416
apple 0.140409 115 257 200 365
apple 0.131483 169 298 190 332
apple 0.123013 109 373 131 401
person 0.111805 141 85 187 262
apple 0.0920199 144 331 169 361
apple 0.0810001 121 392 150 416
person 0.0701825 354 130 369 178
apple 0.0666537 109 397 139 416
apple 0.0661928 172 310 193 342
person 0.0636515 398 120 416 191
cell_phone 0.0595689 243 150 277 218
book 0.058786 7 354 41 416
apple 0.0587055 132 381 156 414
apple 0.0566082 169 283 193 307
apple 0.0562473 143 296 168 332
backpack 0.0536995 304 376 359 415
apple 0.0520045 66 395 99 416
