person 0.949315 107 71 179 350
person 0.914919 224 47 304 313
person 0.677067 201 106 233 174
cake 0.499868 269 226 323 273
dining_table 0.465943 246 264 416 416
chair 0.372683 345 202 406 250
sink 0.367282 23 174 80 189
bottle 0.337083 347 222 371 281
sink 0.334599 10 186 40 212
person 0.194782 284 65 315 232
bottle 0.186355 6 156 19 206
person 0.157456 147 78 176 160
person 0.0822316 97 49 150 315
sink 0.0809377 3 180 19 215
microwave 0.080846 58 122 78 153
refrigerator 0.064363 25 80 48 162
refrigerator 0.0625121 1 70 50 201
person 0.05737 138 237 158 323
book 0.0564057 402 208 415 259
dining_table 0.0511157 258 183 415 365
