tvmonitor 0.997586 222 99 320 195
person 0.95347 302 237 386 416
person 0.949212 171 211 267 413
person 0.583328 10 184 128 416
book 0.228704 135 184 168 208
book 0.215236 132 123 167 142
remote 0.165001 11 273 34 296
book 0.145296 134 87 159 110
book 0.12451 85 88 115 109
book 0.114886 129 84 148 112
book 0.101338 134 111 165 136
book 0.0970658 310 254 345 277
person 0.0947962 20 153 85 256
book 0.0799516 92 177 122 192
book 0.0732009 144 150 161 182
chair 0.0651366 315 221 407 279
book 0.0631132 96 118 119 145
book 0.0592939 183 173 224 197
book 0.0541221 311 231 341 253
