broccoli 0.246154 6 111 149 252
broccoli 0.241441 33 182 247 360
broccoli 0.239959 38 128 78 178
broccoli 0.218975 0 214 102 372
broccoli 0.137773 184 20 381 190
dining_table 0.125984 0 40 353 380
bowl 0.122594 344 218 415 403
broccoli 0.108814 0 134 53 237
broccoli 0.103828 80 116 147 234
fork 0.101224 3 321 292 412
cake 0.098914 402 220 416 373
broccoli 0.0988665 161 185 240 300
broccoli 0.0911066 45 280 118 369
broccoli 0.0746414 3 304 89 374
broccoli 0.0716861 192 260 237 301
broccoli 0.0629473 22 122 84 220
sandwich 0.0601592 303 183 416 229
cup 0.0584285 334 0 415 88
cup 0.0535463 1 0 79 79
