person 0.932641 125 199 187 413
person 0.906939 13 199 71 326
person 0.868477 16 234 162 416
person 0.677667 375 140 413 259
person 0.640097 244 129 276 274
person 0.608705 182 134 226 301
person 0.529945 310 178 338 262
person 0.503397 282 173 309 284
person 0.494715 214 158 243 276
person 0.435392 99 163 118 201
car 0.29478 106 168 130 197
person 0.293736 350 160 369 206
person 0.272805 36 133 52 180
person 0.235741 225 144 245 184
car 0.215746 74 169 100 201
person 0.208441 28 167 47 206
potted_plant 0.188485 215 263 401 415
person 0.178944 14 131 29 178
person 0.145588 54 136 67 175
person 0.143498 52 147 67 188
person 0.130109 276 157 290 200
person 0.120995 367 135 381 174
person 0.117799 0 165 37 233
person 0.0965667 141 145 192 272
person 0.0953273 399 140 415 256
person 0.0894618 56 171 86 204
person 0.0846244 90 194 118 226
person 0.0838109 53 162 69 199
person 0.0775785 0 166 27 295
person 0.076289 219 150 243 222
person 0.0704962 266 211 292 291
person 0.0703867 151 168 186 258
person 0.0641238 232 189 256 277
person 0.0602806 0 166 21 201
