broccoli 0.598311 225 5 416 223
broccoli 0.48492 1 195 291 409
broccoli 0.469876 138 323 224 404
dining_table 0.465304 30 49 416 416
broccoli 0.330966 311 125 415 218
broccoli 0.328664 142 192 224 284
broccoli 0.217594 198 257 270 369
broccoli 0.201586 141 256 276 415
broccoli 0.16798 228 38 328 138
broccoli 0.0982961 157 235 252 318
broccoli 0.0783598 166 282 247 375
baseball_bat 0.0641288 6 0 219 182
broccoli 0.0635196 10 326 133 416
broccoli 0.0587587 43 253 242 414
broccoli 0.0560525 143 189 273 369
broccoli 0.0543079 18 370 136 414
broccoli 0.0520889 311 0 413 76
