tie 94 123 133 356
tie 299 181 358 329
tie 267 188 273 211
tie 200 186 205 217
cell phone 75 305 98 316
chair 0 191 72 405
chair 394 230 416 393
person 217 44 416 414
person 0 0 220 416
person 177 150 227 216
person 247 150 296 219
wine glass 276 198 290 234
cup 219 227 237 246
person 244 164 267 208
person 164 170 177 193
person 184 165 196 184
tie 156 182 161 194
cup 185 207 194 216
spoon 202 239 215 250
cell phone 240 320 259 350
person 153 161 170 193
wine glass 301 198 309 233
wine glass 200 195 209 219
wine glass 308 198 317 227
wine glass 169 193 179 219
wine glass 214 195 228 231
wine glass 252 195 261 209
fork 189 238 204 249
person 225 182 234 197
person 21 78 63 98
person 236 183 247 197
person 289 174 305 223
person 227 173 241 202
cup 261 217 277 235
dining table 157 208 315 345
