motorbike 29 210 305 400
motorbike 188 209 415 401
person 103 161 167 235
person 3 165 65 235
person 287 176 324 232
person 332 171 381 232
person 142 122 200 210
person 190 114 237 212
person 286 105 336 209
person 253 111 290 171
person 252 174 329 261
handbag 198 148 230 201
bottle 244 67 253 98
bottle 297 68 304 90
cup 271 152 279 170
chair 255 216 319 263
chair 332 198 345 223
chair 377 216 416 344
chair 160 208 180 232
chair 0 208 41 254
potted_plant 74 207 100 239
vase 255 145 263 163
person 171 170 213 242
motorbike 0 238 83 410
bottle 290 68 297 87
bottle 282 70 290 88
bottle 268 73 275 98
bottle 260 73 268 98
bottle 252 67 259 98
bottle 238 70 245 98
bottle 209 68 216 98
bottle 201 70 209 98
bottle 224 69 230 99
bottle 162 94 171 122
dining_table 227 162 304 199
dining_table 119 233 139 241
person 382 173 416 217
cup 252 149 259 171
cup 71 201 79 230
