bottle 3 98 9 122
bottle 33 108 37 127
bottle 17 107 21 124
bottle 28 107 33 125
bottle 37 106 43 126
bottle 46 106 50 127
bottle 22 106 25 125
bottle 9 105 14 122
bottle 24 106 29 124
bottle 43 105 47 126
chair 76 185 205 371
chair 197 169 221 190
chair 10 255 57 359
chair 138 178 183 189
dining_table 76 211 192 249
person 149 136 182 178
person 311 23 364 128
laptop 206 121 415 411
bottle 60 106 64 127
bottle 63 108 68 128
chair 220 173 240 234
dining_table 11 290 222 410
tvmonitor 220 122 415 408
clock 46 23 60 47
chair 177 169 197 187
bottle 53 107 59 128
dining_table 203 189 241 209
chair 38 181 108 373
person 83 111 137 184
bottle 11 104 65 129
