dining table 80 119 348 415
fork 279 341 308 383
fork 131 393 141 416
fork 160 214 177 232
knife 110 340 158 346
knife 289 349 324 394
spoon 275 338 313 355
spoon 161 214 176 232
bowl 207 339 270 416
bowl 167 237 217 289
bowl 191 152 223 173
bowl 288 396 340 416
bowl 202 186 229 211
bowl 197 210 233 234
person 192 62 233 126
person 0 164 84 410
person 43 148 114 399
person 316 129 416 415
person 295 180 347 335
person 257 134 296 244
person 121 130 153 233
person 143 76 172 169
person 246 62 298 194
person 240 75 264 164
person 148 118 181 210
person 147 30 182 115
wine glass 253 251 274 324
cup 153 309 178 363
cup 263 297 287 350
cup 152 288 175 313
cup 236 224 251 243
cup 189 179 201 202
cup 182 210 197 236
cup 227 169 237 192
cup 223 159 232 180
cup 232 237 248 276
cup 188 162 198 180
carrot 180 255 187 264
carrot 200 247 203 251
vase 333 86 341 115
wine glass 185 315 208 412
wine glass 215 119 231 176
wine glass 163 237 181 303
cup 198 141 206 152
knife 143 247 153 250
knife 246 215 272 223
chair 295 125 307 182
person 91 100 152 296
spoon 225 267 236 297
carrot 184 243 194 249
wine glass 176 315 193 382
wine glass 190 180 200 200
cup 157 365 187 416
person 171 23 358 261
