chair 39 254 110 415
chair 362 251 415 344
sofa 277 186 397 258
dining table 30 199 162 293
bench 113 223 187 356
book 25 132 36 169
book 33 94 36 115
book 29 65 30 85
book 51 99 55 117
book 70 78 78 96
book 52 99 56 119
book 75 103 79 120
book 28 167 30 185
book 61 167 65 190
book 36 131 44 163
apple 129 203 135 212
apple 124 205 129 212
apple 119 203 125 212
chair 62 213 77 234
chair 28 230 51 357
chair 136 183 170 252
potted plant 88 121 130 209
book 22 168 24 180
vase 174 166 180 181
book 31 193 34 215
book 30 177 49 187
vase 261 169 268 183
chair 86 201 97 215
book 16 58 90 299
