sheep 212 230 253 277
person 284 170 303 226
person 372 177 404 293
person 356 166 384 284
person 254 173 274 224
person 245 174 259 231
person 318 198 331 235
person 202 177 221 227
person 156 179 175 263
sheep 190 233 214 283
sheep 202 221 220 239
sheep 268 228 308 280
sheep 302 231 322 285
sheep 319 233 335 269
sheep 103 231 117 273
sheep 251 223 292 280
person 1 0 106 411
person 135 186 153 265
person 172 185 188 266
person 124 188 144 263
car 353 203 364 247
sheep 248 233 263 278
sheep 113 231 131 270
stop sign 244 118 255 142
