bottle 175 184 209 239
bottle 134 164 163 213
cell phone 55 303 136 327
cup 142 212 165 246
cup 322 259 369 329
cup 169 237 211 302
fork 41 366 226 415
fork 59 354 227 401
fork 70 260 155 274
fork 119 257 171 268
spoon 292 355 411 415
spoon 42 295 168 311
cake 267 301 313 323
person 337 99 416 240
person 1 230 112 309
person 0 128 73 240
person 280 103 378 258
person 68 144 92 204
person 84 149 123 181
person 224 141 315 226
person 199 140 249 201
person 254 132 274 147
wine glass 142 184 160 199
cup 135 198 148 213
fork 278 277 306 287
fork 288 274 324 283
knife 66 254 148 257
knife 365 284 412 291
knife 303 291 323 294
spoon 117 243 138 250
dining table 77 167 97 180
person 285 118 325 177
person 107 152 127 175
cup 214 257 247 296
cup 164 199 180 213
dining table 4 177 416 410
person 53 147 79 208
wine glass 372 291 416 380
wine glass 337 158 371 214
person 355 235 416 277
cup 202 216 225 247
spoon 362 319 375 327
person 0 109 363 208
