bicycle 342 61 398 110
person 235 150 385 273
person 275 27 349 173
person 119 107 210 188
person 174 16 226 87
person 66 26 109 99
banana 218 263 290 316
person 259 19 294 89
person 46 19 84 70
person 279 13 310 73
person 157 23 183 66
banana 162 289 226 331
banana 260 300 327 351
banana 187 354 241 390
banana 343 338 405 369
banana 269 260 312 301
banana 117 315 213 393
banana 93 296 151 340
banana 377 386 399 398
banana 193 211 219 226
banana 162 212 194 227
banana 287 285 365 338
banana 365 319 415 352
banana 89 8 415 415
