bottle 464.06 32.1 61.62 64.21
bottle 490.76 39.95 18.48 74.24
cup 418.92 31.59 30.39 31.02
hot dog 212.72 156.64 99.39 29.46
hot dog 362.88 207.82 73.27 17.57
hot dog 301.44 168.1 71.65 14.75
hot dog 248.96 182.0 87.42 18.57
hot dog 227.42 174.58 100.11 25.34
hot dog 108.15 187.15 144.61 34.61
hot dog 106.29 171.22 142.14 30.9
hot dog 251.3 194.22 108.66 27.83
hot dog 199.22 153.53 91.19 26.63
hot dog 295.7 215.67 80.96 16.07
hot dog 164.25 131.61 103.56 20.38
person 485.92 159.1 28.16 104.64
person 466.78 236.29 66.44 71.84
hot dog 108.93 198.21 139.28 35.0
person 43.87 57.87 87.74 115.74
hot dog 176.71 143.74 111.86 24.68
hot dog 252.5 134.5 465 269
