car 427 329 416 416
car 228 282 263 314
car 348 287 368 312
motorbike 259 328 416 416
motorbike 0 324 174 416
person 322 290 387 416
person 273 292 324 416
person 1 266 116 416
person 424 270 416 400
person 259 281 285 316
person 281 276 296 317
bicycle 256 311 282 379
truck 228 272 262 316
bird 448 35 416 39
bird 457 125 416 127
person 104 267 123 296
person 120 271 137 296
person 257 281 269 323
person 269 274 277 292
motorbike 420 360 416 405
bird 562 43 416 47
bird 553 106 416 110
person 556 309 416 355
person 494 276 416 402
car 230 271 263 287
person 300 280 325 334
car 427 329 416 416
car 228 282 263 314
car 348 287 368 312
motorbike 259 328 416 416
motorbike 0 324 174 416
person 322 290 387 416
person 273 292 324 416
person 1 266 116 416
person 424 270 416 400
person 259 281 285 316
person 281 276 296 317
bicycle 256 311 282 379
truck 228 272 262 316
bird 448 35 416 39
bird 457 125 416 127
person 104 267 123 296
person 120 271 137 296
person 257 281 269 323
person 269 274 277 292
motorbike 420 360 416 405
bird 562 43 416 47
bird 553 106 416 110
person 556 309 416 355
person 494 276 416 402
car 230 271 263 287
person 300 280 325 334
