tv 128.44650000000001 109.57857740585774 131.326 119.22142259414227
book 224.653 314.5064435146444 9.1065 56.98677824267782
book 401.12149999999997 309.11062761506275 29.028999999999996 11.139748953974896
book 367.45149999999995 295.56016736401676 33.3645 13.097907949790795
book 228.99500000000003 372.15464435146447 26.961999999999996 8.789958158995816
book 199.92049999999998 312.6005020920502 14.170000000000002 64.33205020920502
book 394.4525 294.9074476987448 21.683999999999997 20.34744769874477
book 402.8115 241.24518828451883 25.7985 54.36719665271966
book 407.68000000000006 361.145439330544 16.64 27.022594142259415
book 210.7365 313.9407531380753 12.22 59.25824267782426
book 368.9855 283.8460251046025 31.277999999999995 12.218912133891212
book 206.505 314.0364853556485 9.048 60.09372384937239
book 220.72699999999998 313.8363179916318 9.594 55.089539748953975
cat 138.3005 109.03029288702928 32.5975 41.2257740585774
book 158.834 370.092050209205 31.499000000000002 24.559665271966526
book 206.375 337.2384937238494 368.55 134.89539748953973
