chair 375 215 409 285
chair 275 192 328 251
chair 0 87 14 117
chair 80 200 90 249
person 227 203 368 415
person 180 105 230 207
person 305 121 391 287
person 74 188 127 337
person 84 126 138 260
person 220 36 257 167
laptop 191 232 243 320
laptop 332 293 394 390
backpack 93 316 182 416
person 93 174 216 407
bottle 361 273 374 333
chair 2 215 38 360
chair 3 131 23 198
laptop 242 231 269 278
laptop 314 257 351 293
laptop 169 184 231 243
laptop 163 221 183 270
chair 40 311 133 416
dining_table 5 145 75 236
dining_table 162 183 416 409
laptop 205 76 225 97
person 209 106 280 245
