sandwich 111 162 155 204
fork 263 379 295 399
fork 332 162 367 185
knife 359 135 393 151
spoon 63 379 100 388
spoon 20 392 49 410
carrot 379 269 403 291
carrot 377 259 403 275
carrot 357 273 382 290
donut 30 284 55 307
cake 261 214 309 257
knife 219 381 258 408
knife 166 273 196 306
spoon 67 64 83 67
bowl 68 125 105 159
bowl 67 45 98 72
bowl 272 116 306 144
bowl 28 335 57 357
bowl 343 58 395 96
sandwich 160 171 207 207
pizza 327 351 363 383
donut 2 268 18 293
cake 209 317 243 367
chair 105 209 137 273
dining table 108 218 207 312
dining table 312 105 414 209
dining table 313 314 415 411
dining table 4 325 104 413
dining table 40 224 104 312
dining table 1 117 105 206
dining table 210 23 309 104
dining table 104 3 207 103
dining table 307 1 414 102
vase 55 314 77 344
cup 352 112 383 135
cup 25 212 52 259
spoon 233 76 255 86
bowl 370 9 413 54
sandwich 164 128 207 146
sandwich 137 141 175 175
sandwich 105 116 127 142
sandwich 176 139 206 172
sandwich 157 249 181 274
sandwich 151 217 166 234
sandwich 122 125 154 151
donut 13 368 29 389
donut 50 271 76 296
donut 1 72 13 87
cake 207 232 229 259
cake 22 178 41 198
cake 273 148 291 167
cake 247 142 269 163
cake 223 245 252 273
cake 264 361 290 382
cake 31 49 47 64
cake 77 230 100 249
fork 232 76 256 86
fork 124 253 155 276
cake 59 16 72 30
bowl 296 321 312 358
bowl 45 364 71 379
cake 72 24 82 39
cake 0 11 277 388
