bicycle 234 271 350 376
bicycle 116 395 219 416
bicycle 86 272 113 296
backpack 158 347 192 407
backpack 20 235 41 279
person 0 221 42 356
person 379 239 416 348
person 154 241 178 313
person 196 223 234 409
person 80 242 98 328
person 242 232 267 301
person 274 228 298 338
person 228 238 243 312
person 185 219 215 378
person 149 236 161 307
person 116 228 146 304
person 0 213 16 332
bicycle 0 368 68 411
bicycle 287 285 389 360
bicycle 278 307 288 329
bicycle 180 295 195 327
handbag 396 258 412 296
handbag 133 267 146 277
pizza 78 235 85 237
pizza 191 262 202 279
person 46 194 90 373
person 97 227 157 312
