bicycle 225 323 270 412
bus 1 124 213 241
handbag 324 233 331 252
handbag 127 229 142 258
person 240 266 288 411
person 62 178 98 329
person 20 174 66 343
person 102 204 126 317
person 127 188 165 317
person 323 217 336 270
person 176 200 199 240
person 347 214 359 263
person 222 202 244 288
train 0 121 214 245
backpack 275 220 281 237
backpack 95 232 106 272
backpack 57 198 80 240
backpack 211 216 223 242
backpack 232 217 245 239
backpack 156 203 179 240
handbag 305 239 310 252
handbag 267 223 274 238
person 193 203 221 296
person 239 202 257 238
person 257 210 268 238
backpack 223 214 236 242
person 267 207 273 226
bicycle 315 243 326 263
handbag 291 232 296 246
handbag 348 239 351 247
backpack 248 216 259 242
person 153 181 415 322
