person 196 137 365 405
clock 356 364 360 372
kite 133 137 252 262
bottle 120 378 132 402
bottle 143 376 156 398
bottle 165 373 179 389
bottle 166 349 178 367
bottle 154 348 167 369
wine_glass 108 323 120 345
wine_glass 120 326 132 346
cup 383 151 394 173
cup 394 149 408 172
cup 389 58 412 80
cup 403 228 411 241
bowl 379 324 416 346
apple 382 316 391 324
vase 136 270 155 310
bottle 144 351 156 375
bottle 131 350 143 375
bottle 118 351 131 375
bottle 107 353 119 377
bottle 133 378 144 400
bottle 142 400 156 416
bottle 108 405 120 416
wine_glass 146 319 157 346
wine_glass 133 320 145 349
wine_glass 159 318 167 350
cup 175 296 187 310
cup 361 303 379 330
cup 392 227 405 243
cup 360 154 368 177
apple 400 324 410 331
apple 387 323 394 328
apple 399 316 408 326
bottle 129 351 135 369
bottle 121 291 362 415
