bicycle 212 268 223 314
bicycle 348 261 365 323
traffic_light 319 120 342 221
traffic_light 0 63 107 394
traffic_light 396 147 403 177
backpack 337 347 354 403
person 177 290 215 408
person 322 298 348 410
person 354 218 366 266
person 388 199 398 239
person 323 231 337 307
person 342 213 354 282
person 204 235 226 318
person 376 193 389 239
person 236 207 247 252
person 400 193 409 226
traffic_light 113 213 171 402
handbag 337 329 353 403
potted_plant 292 168 312 258
cell_phone 200 307 201 314
person 307 376 329 416
handbag 370 208 375 218
handbag 361 227 368 250
potted_plant 307 164 322 260
person 322 282 348 342
person 365 215 370 245
person 366 174 415 244
