tie 229 174 246 230
bottle 128 264 151 370
person 181 24 306 257
person 0 87 52 258
person 65 28 190 225
fork 82 320 113 351
chair 306 158 325 237
dining table 0 202 348 416
dining table 147 57 226 143
dining table 0 47 30 92
person 320 112 416 324
cup 214 262 230 289
cup 94 224 108 251
cup 126 214 140 240
cup 284 321 303 362
cup 3 273 22 306
cup 22 258 41 292
cup 246 324 267 364
cup 297 237 326 297
cup 109 224 123 251
cup 96 195 110 221
cup 3 255 21 276
cup 260 307 279 343
bowl 150 67 165 84
bowl 181 83 199 95
chair 49 1 107 149
chair 313 84 361 242
person 0 0 68 87
cup 239 347 271 415
person 278 302 416 364
cup 6 9 365 415
