bottle 252 331 257 352
bottle 188 275 191 288
bottle 129 191 131 200
clock 252 37 368 241
dining_table 187 341 266 399
person 69 211 93 269
person 116 254 141 372
person 243 279 273 342
person 159 244 187 333
person 370 271 397 316
person 393 265 407 298
bowl 76 268 93 285
dining_table 186 284 196 299
dining_table 305 271 329 283
dining_table 180 260 196 267
dining_table 45 324 71 354
dining_table 346 304 388 326
dining_table 299 249 323 265
dining_table 264 327 303 345
dining_table 238 243 252 247
dining_table 233 269 267 286
dining_table 130 241 135 250
vase 227 203 232 223
person 262 311 297 405
cup 186 259 189 265
bowl 199 353 215 365
chair 270 360 300 406
chair 237 370 269 405
chair 176 373 211 406
chair 22 346 68 406
chair 316 337 340 404
chair 400 292 409 315
chair 234 261 246 276
chair 245 244 257 273
chair 254 263 266 276
chair 346 312 365 353
person 204 292 247 353
person 260 243 276 277
chair 135 357 172 407
chair 370 308 398 362
dining_table 55 347 74 373
refrigerator 103 191 119 226
person 215 330 257 405
person 329 286 357 345
person 343 271 363 305
bottle 186 253 188 264
chair 169 329 186 396
person 146 262 173 374
dining_table 199 303 222 338
person 55 210 397 368
dining_table 117 241 405 408
chair 96 241 341 311
