skis 79 294 335 401
backpack 145 161 211 246
backpack 333 205 370 241
backpack 243 161 251 181
person 104 121 253 356
person 188 132 252 203
person 317 187 379 298
person 310 166 335 201
person 326 143 334 166
person 253 136 281 171
person 291 138 308 159
person 280 131 293 158
person 236 155 270 205
person 243 131 265 161
person 220 115 241 144
person 350 147 361 165
backpack 223 120 236 131
person 212 112 232 134
backpack 358 151 362 155
skis 307 277 397 311
skis 130 264 309 348
skis 263 169 280 174
person 120 70 359 317
