bottle 192 244 205 311
bottle 30 242 50 305
bottle 92 212 101 247
bottle 206 280 214 316
bottle 52 169 63 206
bottle 341 271 361 296
chair 330 315 415 411
chair 128 352 228 411
dining_table 0 284 256 360
person 220 133 260 288
person 159 152 235 294
person 308 208 415 408
person 89 147 142 300
person 220 184 346 414
refrigerator 291 138 382 306
cup 160 286 173 311
cup 133 279 150 306
bottle 152 207 158 235
wine_glass 284 106 290 131
wine_glass 272 106 281 131
cup 213 285 231 332
bowl 83 181 101 195
bowl 122 304 143 322
microwave 33 205 88 251
oven 9 222 103 298
sink 143 233 164 241
person 336 281 392 331
wine_glass 266 106 273 131
wine_glass 258 107 265 130
cup 265 140 271 159
cup 257 140 265 159
cup 270 139 280 162
cup 258 78 265 98
bottle 144 212 152 234
wine_glass 282 140 292 159
