person 263 84 332 166
bowl 107 10 167 72
orange 333 341 361 378
orange 353 333 409 367
orange 113 276 154 318
fork 88 46 147 83
bowl 344 4 411 81
orange 83 256 122 300
orange 102 250 130 279
orange 135 307 165 332
carrot 165 168 249 248
carrot 193 355 218 384
carrot 166 332 249 414
carrot 40 177 89 247
carrot 275 92 288 127
carrot 112 7 166 40
carrot 166 250 251 332
carrot 331 85 416 165
carrot 2 0 415 328
cake 189 20 226 46
orange 354 338 415 395
orange 97 318 132 331
orange 87 298 122 324
orange 150 266 166 307
carrot 171 108 244 157
carrot 284 211 301 224
carrot 250 200 257 215
carrot 249 167 332 249
carrot 0 20 414 415
