tv 159.08672 147.01165165165168 58.123520000000006 58.37741741741741
cat 216.87744 331.91303303303306 116.77952 73.3684084084084
couch 173.3888 334.1491891891892 343.19168 152.97057057057057
chair 292.1568 224.27771771771774 83.77408 111.60792792792795
book 171.06752 255.0842042042042 35.1104 13.604324324324324
book 170.768 259.41909909909907 35.10208 16.190270270270272
chair 355.69663999999995 283.8294294294294 103.89184 159.25429429429428
book 175.02784 268.5511111111111 25.40928 14.091531531531531
book 165.78431999999998 249.81237237237238 19.90144 13.704264264264264
vase 238.05184 127.17357357357358 8.8192 29.444804804804804
vase 196.46016 172.08408408408408 8.71936 18.23903903903904
dining table 184.72896 292.1869069069069 80.67071999999999 68.99603603603603
