person 127 117 167 226
person 385 331 415 411
person 241 78 284 232
person 134 161 207 318
person 108 174 136 224
person 345 139 373 182
person 376 149 415 306
person 156 117 180 191
person 91 113 124 177
person 66 117 98 236
baseball_bat 108 213 138 240
sports_ball 210 269 218 280
baseball_glove 389 225 405 243
baseball_glove 75 171 86 194
baseball_bat 282 363 339 384
chair 1 122 23 171
person 32 108 59 176
person 0 107 17 170
person 204 134 232 196
chair 92 126 119 182
chair 159 129 184 185
chair 274 144 285 185
chair 389 136 409 157
chair 30 126 65 176
person 49 0 415 414
