car 378 2 416 77
car 68 0 154 41
motorcycle 3 35 336 407
person 163 28 296 236
person 105 1 135 99
person 41 13 71 107
person 351 18 379 100
person 344 7 356 95
person 280 11 310 65
person 217 19 235 66
person 17 19 50 111
person 332 11 348 92
person 97 38 111 54
backpack 105 13 125 43
handbag 13 32 34 65
handbag 46 28 63 60
handbag 149 83 157 102
handbag 280 38 295 64
handbag 242 18 252 47
handbag 267 100 288 142
apple 259 23 262 26
person 310 12 336 44
handbag 227 39 247 65
person 148 3 179 151
