chair 144 216 195 341
chair 188 198 223 321
chair 16 278 145 410
sofa 341 186 416 410
person 159 160 189 226
person 218 181 252 263
dining_table 35 218 200 337
refrigerator 251 119 281 264
clock 22 147 35 174
microwave 83 176 106 209
orange 101 224 105 231
orange 105 227 108 230
vase 53 154 61 172
vase 59 197 67 215
vase 57 181 63 193
backpack 304 346 365 413
handbag 288 227 323 270
chair 343 182 416 416
sofa 14 278 145 416
dining_table 0 359 46 415
oven 215 201 234 256
oven 84 177 104 210
bottle 186 202 195 225
banana 71 242 79 256
