chair 85 302 183 416
chair 226 284 333 410
chair 323 264 414 414
chair 388 205 414 267
chair 229 180 242 202
dining table 120 211 275 298
cup 196 228 208 244
spoon 141 259 147 275
handbag 384 264 409 407
person 162 135 218 229
person 88 128 155 256
person 222 154 345 415
person 230 136 289 225
person 41 141 137 373
wine glass 139 220 149 250
wine glass 147 237 158 269
wine glass 215 216 225 247
cup 160 228 169 244
spoon 332 217 338 226
chair 161 183 171 210
chair 22 221 48 411
person 353 146 390 249
bottle 251 196 264 242
wine glass 227 233 237 263
cup 124 245 136 259
person 327 171 390 345
