clock 319.78 102.53 44.71 45.89
traffic light 371.86 133.06 19.34 53.93
traffic light 30.64 125.46 29.58 67.61
traffic light 120.67 151.73 26.13 54.99
car 611.93 272.74 55.27 72.48
car 547.67 263.5 85.81 64.53
car 471.34 265.36 70.07 41.38
car 418.66 259.6 54.76 40.43
car 346.68 241.57 42.99 21.82
car 270.91 253.34 42.88 26.86
car 240.41 251.06 33.72 23.4
car 302.24 237.66 20.56 19.93
car 217.76 244.51 31.6 24.46
car 379.24 249.15 39.92 24.8
car 249.84 221.87 23.67 16.84
car 295.69 232.49 24.65 15.6
car 339.62 250.35 19.79 15.36
potted plant 25.52 275.33 51.05 64.42
car 255.0 225.0 178 40
