tvmonitor 227 98 316 206
person 174 215 264 411
person 304 244 388 416
person 11 185 120 415
person 37 152 110 394
person 11 212 34 280
remote 102 207 108 226
remote 145 226 159 233
chair 0 222 24 308
remote 18 275 25 287
book 151 150 161 178
person 246 153 253 167
sofa 368 282 415 415
remote 327 236 337 248
remote 334 261 345 272
remote 136 222 145 233
book 146 191 162 204
book 151 216 166 226
book 134 182 152 202
book 155 115 159 128
book 153 84 157 105
book 144 86 146 106
book 137 88 142 107
book 161 83 164 106
book 164 83 166 105
book 156 85 161 105
book 145 86 148 105
cup 112 204 119 220
book 97 94 102 105
book 85 78 178 198
