car 474 40 416 74
chair 0 229 122 416
chair 330 136 352 182
chair 578 270 416 416
chair 317 69 364 101
chair 151 47 212 133
chair 32 86 87 116
chair 0 55 33 114
chair 55 33 88 50
chair 16 30 47 45
dining_table 110 153 416 416
wine_glass 297 154 318 214
cup 327 193 349 252
cup 238 241 265 317
cup 333 302 416 416
fork 205 441 311 416
fork 367 312 408 333
knife 209 425 329 416
knife 367 297 410 316
knife 182 274 213 318
knife 366 246 399 282
pizza 166 347 216 388
pizza 263 249 347 294
pizza 197 224 284 253
pizza 295 327 340 357
pizza 188 300 225 319
car 556 28 416 53
car 499 17 416 61
person 246 79 354 217
person 344 78 416 294
person 403 117 416 416
person 287 18 374 100
person 158 6 220 115
person 215 3 275 120
person 19 113 224 416
person 204 3 240 50
person 287 14 329 67
person 300 3 305 19
person 392 6 396 20
car 399 46 416 67
car 390 36 411 52
cup 296 156 317 212
cup 282 68 292 77
chair 55 58 82 88
chair 232 38 278 127
person 138 7 174 71
pizza 211 343 283 413
pizza 360 229 388 251
pizza 133 391 206 416
chair 79 121 107 189
person 586 9 416 19
wine_glass 385 334 416 416
chair 129 33 142 72
dining_table 0 41 89 68
dining_table 1 111 118 220
person 323 8 336 16
car 474 40 416 74
chair 0 229 122 416
chair 330 136 352 182
chair 578 270 416 416
chair 317 69 364 101
chair 151 47 212 133
chair 32 86 87 116
chair 0 55 33 114
chair 55 33 88 50
chair 16 30 47 45
dining_table 110 153 416 416
wine_glass 297 154 318 214
cup 327 193 349 252
cup 238 241 265 317
cup 333 302 416 416
fork 205 441 311 416
fork 367 312 408 333
knife 209 425 329 416
knife 367 297 410 316
knife 182 274 213 318
knife 366 246 399 282
pizza 166 347 216 388
pizza 263 249 347 294
pizza 197 224 284 253
pizza 295 327 340 357
pizza 188 300 225 319
car 556 28 416 53
car 499 17 416 61
person 246 79 354 217
person 344 78 416 294
person 403 117 416 416
person 287 18 374 100
person 158 6 220 115
person 215 3 275 120
person 19 113 224 416
person 204 3 240 50
person 287 14 329 67
person 300 3 305 19
person 392 6 396 20
car 399 46 416 67
car 390 36 411 52
cup 296 156 317 212
cup 282 68 292 77
chair 55 58 82 88
chair 232 38 278 127
person 138 7 174 71
pizza 211 343 283 413
pizza 360 229 388 251
pizza 133 391 206 416
chair 79 121 107 189
person 586 9 416 19
wine_glass 385 334 416 416
chair 129 33 142 72
dining_table 0 41 89 68
dining_table 1 111 118 220
person 323 8 336 16
