car 70 111 87 135
motorcycle 177 259 382 411
motorcycle 129 265 220 410
motorcycle 66 217 270 410
motorcycle 48 161 162 386
person 206 108 244 212
person 228 99 264 241
person 200 102 217 205
person 249 48 269 99
person 89 104 94 137
person 206 62 213 77
person 195 65 206 77
motorcycle 28 170 62 227
motorcycle 335 127 415 238
motorcycle 297 121 373 219
motorcycle 30 158 112 287
motorcycle 31 143 90 210
truck 52 87 116 122
person 270 43 288 98
person 242 50 250 72
motorcycle 35 146 110 297
motorcycle 275 323 416 409
motorcycle 188 122 206 182
dining table 79 85 116 95
person 224 57 241 103
person 100 107 108 124
motorcycle 250 234 363 316
truck 69 106 88 132
person 0 37 336 122
motorcycle 13 104 415 415
