person 141 100 296 277
person 243 77 311 158
donut 355 236 378 251
donut 274 262 299 280
donut 288 225 308 238
donut 307 234 329 251
donut 378 241 404 254
donut 410 252 416 266
donut 309 231 332 247
donut 401 265 416 281
donut 431 272 416 281
donut 433 266 416 280
donut 369 255 396 279
handbag 19 105 99 261
person 29 18 164 275
donut 348 245 372 261
tvmonitor 359 110 416 193
knife 477 0 416 18
donut 253 252 272 266
donut 123 184 416 280
person 141 100 296 277
person 243 77 311 158
donut 355 236 378 251
donut 274 262 299 280
donut 288 225 308 238
donut 307 234 329 251
donut 378 241 404 254
donut 410 252 416 266
donut 309 231 332 247
donut 401 265 416 281
donut 431 272 416 281
donut 433 266 416 280
donut 369 255 396 279
handbag 19 105 99 261
person 29 18 164 275
donut 348 245 372 261
tvmonitor 359 110 416 193
knife 477 0 416 18
donut 253 252 272 266
donut 123 184 416 280
