bottle 221 250 233 282
refrigerator 0 185 35 372
refrigerator 373 191 416 354
bowl 238 262 262 283
banana 187 273 194 283
apple 207 275 211 280
apple 199 274 205 282
oven 129 250 173 334
sink 166 241 228 248
cup 213 269 221 280
dining_table 172 263 267 384
oven 49 220 127 344
vase 254 158 262 167
apple 193 273 199 283
bowl 248 236 260 244
bowl 54 229 73 249
bowl 81 242 97 249
bowl 405 188 416 192
bowl 0 170 19 187
vase 126 161 132 167
vase 126 134 133 142
vase 253 136 259 141
bowl 101 228 124 249
