dog 211.10699999999997 184.4623887587822 99.242 93.28337236533957
frisbee 294.853 163.97414519906323 20.0655 18.13058548009368
bench 206.505 299.7343325526932 32.838 3.380608899297424
bench 45.6625 291.31690866510536 26.1625 3.7897892271662763
bench 308.9255 294.92159250585485 33.585499999999996 6.439718969555035
bench 318.786 272.8355971896956 31.265000000000004 5.4557377049180324
bench 323.51800000000003 263.21011709601873 29.809 4.228196721311475
bench 252.2845 282.6072131147541 37.966499999999996 5.299859484777518
bench 169.40300000000002 271.7347072599532 28.496000000000002 3.867728337236534
bench 90.1225 275.8265105386417 29.2175 3.439063231850117
bench 148.8175 315.32215456674476 23.900500000000005 14.788946135831381
bench 174.66800000000003 302.16018735362996 31.928 3.6436533957845434
bench 178.60049999999998 295.98351288056205 30.7515 3.0298829039812643
bench 210.106 294.2785948477752 32.1295 3.0591100702576113
bench 214.0905 289.1248711943794 32.064499999999995 5.358313817330211
bench 218.725 226.5105386416862 393.25 236.74004683840747
