cell phone 317.36 233.74 78.67 31.54
chair 292.97 124.84 69.58 44.66
chair 80.28 255.93 143.33 57.74
dining table 240.0 443.07 480.0 373.93
person 343.55 204.94 272.9 409.89
person 189.14 114.42 114.33 225.56
cup 132.4 426.91 83.49 111.31
fork 222.96 348.35 56.78 41.04
knife 197.69 348.35 80.65 56.46
vase 60.11 322.96 54.65 207.1
backpack 323.02 217.93 259.04 205.9
handbag 362.23 205.03 180.8 181.67
handbag 199.15 47.42 63.44 94.85
spoon 465.59 614.53 28.83 50.94
sandwich 314.31 375.19 141.53 48.3
clock 197.85 53.7 8.77 15.6
handbag 242.1 292.65 81.46 50.22
fork 439.13 605.73 42.01 68.27
fork 203.47 359.06 16.77 10.7
sandwich 258.73 561.35 74.07 56.43
sandwich 162.21 549.98 132.4 117.55
