bicycle 94.65 282.71 49.43 27.05
bicycle 513.24 142.2 32.81 25.71
bicycle 275.13 240.97 19.7 19.7
car 50.25 191.77 81.8 56.55
truck 40.0 90.81 80.0 78.92
traffic light 425.57 113.75 13.22 28.91
traffic light 219.59 218.66 14.26 36.59
traffic light 222.5 271.56 9.07 17.52
person 184.72 300.03 29.62 45.11
person 562.78 310.88 20.67 52.65
person 551.32 331.95 22.21 34.87
person 476.22 297.84 16.21 34.6
person 291.23 227.51 21.58 22.25
person 497.61 196.72 19.8 36.66
person 70.2 214.9 19.82 29.53
person 118.49 130.68 18.23 28.74
person 459.69 300.27 15.93 20.42
person 511.96 314.74 15.37 24.69
bicycle 567.48 329.64 13.54 31.41
bicycle 335.89 236.66 15.24 30.04
bicycle 248.14 250.56 45.59 31.63
bicycle 196.03 212.19 15.81 16.98
motorcycle 292.75 250.38 16.42 33.46
motorcycle 116.21 264.84 48.02 28.81
motorcycle 163.75 273.29 35.12 25.09
motorcycle 599.2 219.4 41.31 36.25
motorcycle 496.8 205.33 41.26 33.71
motorcycle 244.79 202.75 33.57 26.23
motorcycle 139.18 249.69 27.96 30.49
person 494.05 90.53 11.9 24.38
person 599.56 209.61 23.77 37.54
bicycle 606.69 192.38 35.63 26.59
motorcycle 366.7 192.94 36.8 28.84
motorcycle 69.9 231.36 50.38 31.03
motorcycle 417.55 197.16 47.97 29.86
motorcycle 554.81 358.14 18.44 24.65
person 531.16 310.58 21.66 42.08
car 461.57 367.19 164.31 118.53
motorcycle 249.4 266.56 27.17 32.12
bus 367.49 321.28 129.14 91.92
truck 206.29 71.43 111.26 53.74
person 325.0 195.5 600 345
motorcycle 558.0 160.0 96 38
