dog 352.6445 192.4460606060606 47.31999999999999 79.00121212121212
person 145.39200000000002 141.47878787878787 86.0405 280.1454545454545
person 268.3005 155.84969696969696 88.5105 311.68969696969697
person 178.802 119.94181818181818 51.1355 237.07151515151514
person 105.742 104.78545454545454 29.3215 185.20242424242426
person 391.4885 213.40121212121213 49.022999999999996 393.46424242424246
bicycle 321.2365 101.70181818181817 39.715 90.03636363636363
bicycle 83.655 92.31515151515151 25.688000000000002 114.98666666666666
bicycle 15.8275 117.14909090909092 29.3345 77.05212121212121
bicycle 5.4665 126.24484848484848 10.933 78.68121212121211
bicycle 34.905 53.97333333333333 69.81649999999999 86.96242424242425
skateboard 207.4475 224.96969696969697 74.048 114.1139393939394
cup 363.74 31.53454545454546 36.504 62.71030303030303
handbag 304.2325 90.8509090909091 16.087500000000002 56.96969696969697
handbag 192.44549999999998 88.42666666666666 17.0105 67.52969696969697
bicycle 353.27500000000003 81.98787878787878 78.50699999999999 118.06060606060606
person 207.33700000000002 88.89212121212121 40.137499999999996 176.91151515151515
bicycle 227.48700000000002 100.20848484848484 19.786 105.45454545454545
bicycle 371.202 84.69333333333334 89.2645 120.89212121212121
bicycle 91.20150000000001 330.35636363636365 181.09000000000003 159.5442424242424
bicycle 86.112 65.39636363636363 20.761 52.41212121212121
person 73.489 39.03030303030303 29.951999999999998 78.06060606060606
bicycle 46.475 78.54545454545455 73.45 147.39393939393938
