umbrella 410.0 168.07 256.08 86.77
handbag 222.74 356.5 35.6 91.69
handbag 118.64 275.61 36.97 98.19
handbag 424.21 375.18 82.3 96.2
handbag 28.0 180.16 27.02 53.58
handbag 61.14 164.56 23.5 34.11
person 172.59 289.07 131.59 360.27
person 60.38 184.99 36.32 109.28
person 107.09 199.75 36.49 146.05
person 124.84 175.76 30.1 84.7
person 236.12 197.41 20.66 165.97
person 430.38 334.38 142.38 280.45
person 88.42 181.01 22.26 77.52
person 5.51 152.88 10.93 18.85
bench 529.62 423.73 220.04 101.4
person 593.44 280.65 93.11 279.87
person 7.19 270.85 14.38 122.75
person 27.81 202.46 44.26 156.06
handbag 12.76 373.63 25.52 97.14
person 225.8 210.93 24.97 87.8
person 11.17 181.36 22.34 95.73
umbrella 592.33 166.33 95.34 54.99
handbag 83.72 170.34 19.67 30.31
