dog 119.5285 224.05066666666664 27.702999999999996 93.32266666666668
chair 378.1765 256.3137777777778 72.96900000000001 197.704
chair 347.165 251.24088888888886 51.2005 162.58666666666664
chair 300.76800000000003 233.90755555555555 52.936 144.0631111111111
chair 202.1045 166.20355555555557 15.171000000000001 55.536
car 26.0715 110.64444444444445 14.631500000000003 26.127111111111113
car 9.769499999999999 107.98666666666666 11.011000000000001 14.536888888888889
person 170.20250000000001 146.97511111111112 49.205 227.74844444444446
person 80.938 115.78666666666666 8.450000000000001 45.04355555555555
person 70.07 117.0231111111111 9.516 38.919111111111114
traffic light 56.985499999999995 41.58844444444445 7.2475 28.72711111111111
orange 191.8345 201.06666666666666 6.1815 13.554666666666666
chair 281.6645 222.00533333333337 49.31550000000001 121.41422222222221
chair 266.513 214.4826666666667 48.0155 119.94666666666666
chair 324.1485 237.05066666666664 48.535500000000006 139.99555555555557
car 17.7255 110.45955555555557 3.9715 15.045333333333334
chair 216.24200000000002 196.02844444444443 35.4315 91.38133333333333
chair 213.16750000000002 173.48355555555554 28.372500000000002 53.005333333333326
