bicycle 381.53 424.5 68.68 101.97
bus 165.03 211.14 325.75 134.83
handbag 505.07 280.19 11.31 22.33
handbag 207.72 281.79 23.46 33.86
person 406.94 391.04 74.65 166.78
person 124.34 293.42 54.89 174.51
person 66.56 298.81 70.88 195.54
person 175.84 301.12 37.16 129.62
person 225.77 291.84 58.35 149.17
person 507.69 281.61 21.17 60.48
person 289.45 254.05 36.42 46.22
person 544.49 275.43 18.33 56.32
person 359.43 283.44 34.78 98.91
train 165.74 211.43 329.32 143.14
backpack 427.99 264.15 9.15 19.13
backpack 154.99 291.16 16.66 46.42
backpack 105.75 253.05 35.89 48.23
backpack 334.57 265.01 18.15 29.78
backpack 367.23 263.48 20.23 25.39
backpack 258.83 256.12 35.55 42.1
handbag 474.09 283.83 7.33 15.55
handbag 416.96 266.32 11.16 16.63
person 319.5 288.51 42.12 107.68
person 382.41 254.38 28.81 42.13
person 405.05 259.07 17.1 31.55
backpack 353.94 264.16 21.17 32.18
person 416.47 250.27 9.66 21.98
bicycle 493.69 292.49 16.57 23.21
handbag 452.15 276.74 6.55 16.21
handbag 538.48 281.02 5.73 8.32
backpack 391.16 264.89 16.81 29.37
person 437.5 290.5 403 163
