bus 180 92 224 166
bus 1 64 101 191
bus 148 86 187 169
bus 214 98 247 154
bus 72 77 154 183
backpack 161 143 171 168
suitcase 284 175 303 200
suitcase 289 161 307 189
suitcase 164 169 175 195
suitcase 61 178 83 210
suitcase 33 175 51 215
person 265 108 405 411
person 308 132 325 192
person 279 127 293 176
person 271 130 290 205
person 392 129 410 207
person 152 134 168 202
person 132 136 144 195
person 246 124 266 201
person 41 132 57 214
person 88 150 111 211
person 9 129 23 213
person 23 137 36 211
bus 240 105 264 136
handbag 309 143 323 163
handbag 273 175 291 198
suitcase 145 174 164 200
suitcase 95 189 114 210
handbag 385 298 410 355
suitcase 263 170 275 196
suitcase 318 165 331 186
person 308 110 313 130
backpack 140 152 146 167
