car 212 188 258 219
car 236 185 273 206
car 300 186 313 208
bus 310 72 416 264
chair 48 244 107 354
truck 0 97 206 240
handbag 303 202 314 242
truck 311 102 416 262
person 279 180 309 303
person 269 175 288 296
person 63 174 132 332
person 140 167 160 250
person 0 177 18 307
person 13 199 24 245
person 89 187 118 279
person 107 166 127 209
dining table 333 229 384 330
dining table 238 216 269 290
dining table 225 208 256 268
dining table 144 204 177 267
person 15 190 46 271
handbag 113 203 133 236
chair 26 220 61 299
dining table 16 220 30 227
car 236 183 247 191
