bottle 225.56 270.2 34.69 61.91
bottle 77.09 301.74 33.2 38.34
dining table 212.08 317.14 409.18 211.33
dining table 320.94 531.5 202.26 206.79
dining table 397.39 80.54 47.69 144.06
dining table 107.67 534.59 209.32 201.79
cup 278.15 267.28 31.18 41.42
cup 36.53 326.62 49.27 64.87
spoon 139.69 210.34 23.37 20.13
bowl 274.32 546.66 110.21 168.03
bowl 129.21 567.88 91.89 95.25
bowl 128.72 481.79 76.22 71.91
bowl 47.25 485.3 70.97 62.1
bowl 41.19 574.66 75.62 74.75
bowl 133.64 361.47 75.12 53.21
bowl 80.17 402.38 59.88 44.19
bowl 140.59 399.95 96.78 51.27
bowl 328.53 291.45 51.39 29.15
bowl 309.94 78.48 182.65 139.5
bowl 146.7 97.08 143.82 174.02
person 384.4 297.68 79.5 146.85
person 111.12 231.97 125.42 64.99
bowl 132.62 227.79 53.21 34.34
cup 243.74 213.27 20.94 25.17
cup 218.09 219.23 21.23 27.09
cup 111.56 257.59 41.42 22.52
person 356.19 220.33 107.25 39.59
person 14.21 271.02 14.41 23.93
bowl 142.87 245.97 38.78 21.95
cup 251.43 293.05 38.72 40.35
bowl 210.5 172.0 419 278
