dog 409.54368 357.39392 12.771199999999999 97.98741333333332
cow 23.57888 214.78912 34.968959999999996 56.67584
cow 58.78912 201.93194666666668 37.04896 28.221439999999998
cow 126.56384 216.13141333333334 54.6208 49.7536
cow 156.40768000000003 224.28501333333332 48.372479999999996 63.78666666666666
cow 177.56544 204.05077333333332 21.48224 24.40533333333333
cow 215.37152000000003 226.33728 43.87968 65.21770666666666
cow 312.64895999999993 222.3104 69.3056 62.94357333333333
cow 235.64736000000002 220.09173333333334 21.565440000000002 54.312960000000004
cow 52.78207999999999 230.20885333333334 28.537599999999998 31.083519999999996
cow 84.78912 220.70186666666666 37.240320000000004 63.05450666666667
cow 190.26175999999998 232.16128 24.59392 35.088213333333336
cow 370.40639999999996 227.38005333333334 59.288320000000006 59.970560000000006
person 259.88352000000003 220.59093333333334 31.482880000000005 88.61354666666666
cow 283.14624000000003 233.28170666666668 28.94528 35.18805333333333
person 380.01599999999996 221.67808000000002 29.18656 95.95733333333332
cow 226.30400000000003 226.30400000000003 377.728 77.65333333333334
