car 170 179 287 243
car 0 171 179 270
traffic light 388 148 391 157
traffic light 375 170 378 175
traffic light 364 163 366 166
traffic light 74 71 82 91
traffic light 359 158 362 166
traffic light 401 174 403 177
person 69 12 198 251
person 236 141 258 275
person 253 149 274 275
person 286 147 316 276
person 316 122 362 302
person 73 148 104 277
skateboard 87 218 163 359
person 149 182 161 212
person 112 180 138 271
person 165 176 176 215
car 352 178 376 204
car 374 186 389 208
car 389 189 398 202
traffic light 405 174 408 181
traffic light 398 178 402 183
backpack 21 173 31 203
person 6 145 27 277
traffic light 350 148 353 153
traffic light 387 159 390 168
traffic light 328 65 350 96
backpack 245 177 260 199
backpack 90 167 97 175
umbrella 162 145 196 164
umbrella 187 145 210 165
car 401 189 414 206
traffic light 377 177 380 181
handbag 295 164 313 218
cell phone 343 136 348 145
traffic light 66 66 368 166
