dog 354.21100000000007 256.8713333333333 29.3735 31.208666666666666
horse 134.94 291.2606666666667 230.932 249.4786666666667
person 348.114 223.14933333333332 15.534999999999998 49.30466666666667
person 340.3075 227.62133333333335 5.7589999999999995 29.49266666666667
person 406.05500000000006 223.90333333333336 11.141 45.604
person 362.3555 224.9 14.2285 55.85666666666667
backpack 338.91 217.49 4.108 10.712
backpack 364.468 222.28266666666667 18.8175 29.761333333333333
person 411.9245 223.27933333333334 8.151 41.17533333333333
person 311.272 214.14466666666664 4.4590000000000005 13.632666666666665
person 316.511 214.36133333333333 4.9985 13.450666666666667
person 322.8485 214.66466666666668 4.563 15.071333333333333
person 330.798 213.65933333333334 2.561 11.466
person 335.504 221.13000000000002 4.8685 25.714000000000002
person 397.35149999999993 212.0213333333333 7.085000000000001 15.045333333333334
horse 76.037 275.5566666666667 152.074 188.12733333333333
person 285.844 210.68666666666667 2.431 10.408666666666667
person 264.62800000000004 210.27066666666667 3.2175 12.254666666666667
bicycle 263.15900000000005 218.85066666666668 10.231 9.177999999999999
bicycle 277.62800000000004 216.48466666666664 7.4945 10.27
bicycle 322.0685 225.37666666666667 4.1535 11.344666666666667
person 275.27500000000003 202.79999999999998 63.05 50.266666666666666
