sandwich 160.36 220.42 52.47 49.58
fork 335.99 467.94 37.94 24.35
fork 420.56 209.31 42.7 27.67
knife 452.67 172.41 41.21 20.18
spoon 98.49 461.66 43.76 10.49
spoon 42.05 482.35 35.11 20.93
carrot 470.54 337.08 29.66 27.3
carrot 469.69 321.42 31.75 20.02
carrot 445.07 338.84 30.32 20.45
donut 51.8 355.68 29.65 26.66
cake 342.77 284.13 57.51 51.55
knife 287.55 475.25 47.47 32.3
knife 218.34 348.87 36.32 39.84
spoon 90.81 79.48 19.89 3.24
bowl 104.44 170.92 44.88 40.67
bowl 99.95 70.72 36.62 32.33
bowl 348.31 156.84 41.09 34.07
bowl 51.97 416.71 35.17 27.1
bowl 444.46 93.34 62.07 45.7
sandwich 220.72 228.04 56.3 42.8
pizza 415.31 441.41 42.84 38.62
donut 12.57 338.09 20.23 29.57
cake 272.62 411.71 40.45 60.32
chair 146.15 289.98 38.7 77.41
dining table 189.93 319.27 120.12 113.21
dining table 436.38 189.19 122.75 125.0
dining table 437.64 435.95 122.48 116.85
dining table 65.33 444.42 120.52 105.45
dining table 86.86 322.31 77.08 105.51
dining table 63.97 194.95 125.12 107.56
dining table 312.36 76.69 119.1 96.63
dining table 187.64 63.77 123.6 120.23
dining table 433.71 62.07 128.09 121.35
vase 79.6 396.01 26.01 37.01
cup 442.37 149.25 36.28 27.69
cup 46.89 283.49 31.93 56.63
spoon 294.15 97.72 27.09 12.1
bowl 471.21 38.62 51.16 54.95
sandwich 223.78 165.19 52.17 22.19
sandwich 188.07 190.34 46.77 41.31
sandwich 139.97 155.34 26.39 31.35
sandwich 230.28 187.51 36.39 40.6
sandwich 203.85 314.71 29.52 30.54
sandwich 190.81 271.5 18.21 19.94
sandwich 166.24 166.63 38.59 30.48
donut 25.93 455.34 19.54 25.82
donut 76.62 340.91 31.17 29.87
donut 9.12 96.08 13.77 18.29
cake 263.03 295.48 26.24 32.99
cake 38.44 226.46 23.7 23.42
cake 339.34 189.52 22.05 23.17
cake 310.95 183.64 25.9 24.88
cake 286.06 311.75 34.79 34.35
cake 333.84 446.89 31.17 25.14
cake 47.5 68.53 19.94 17.87
cake 107.12 288.44 28.29 23.22
fork 293.52 97.73 28.68 11.96
fork 168.3 318.15 37.58 27.85
cake 79.25 27.72 16.09 16.94
bowl 365.8 408.44 19.25 43.85
bowl 69.94 447.62 30.95 18.11
cake 92.87 38.55 12.28 17.29
cake 166.5 240.5 333 453
