bottle 372 218 378 242
bottle 386 226 390 239
bottle 282 174 287 187
bottle 259 97 269 126
chair 130 221 194 410
chair 185 221 233 351
chair 368 244 403 256
chair 230 217 262 298
chair 343 262 383 293
chair 383 284 415 300
chair 292 278 355 291
dining table 220 284 416 353
person 172 163 203 220
person 199 157 221 221
oven 135 215 160 225
chair 333 240 347 259
bottle 269 140 274 155
bottle 162 204 168 218
chair 219 315 307 416
dining table 326 251 415 294
dining table 341 218 416 256
bowl 49 154 57 159
bowl 57 154 66 158
bowl 39 153 47 160
