car 266.54 325.03 60.7 68.29
car 297.75 205.96 28.17 25.55
car 506.1 212.25 47.18 30.62
car 588.04 323.55 103.93 107.73
car 334.81 158.75 15.79 11.78
car 572.37 245.53 74.73 52.31
car 359.21 146.67 6.47 7.38
car 476.07 194.52 31.19 27.53
car 600.53 184.83 28.23 31.61
car 426.31 182.79 23.81 18.6
traffic light 164.8 224.74 10.59 10.59
car 310.87 180.61 17.08 16.24
motorcycle 416.14 173.19 6.81 9.87
bus 380.61 136.72 18.45 16.75
bus 362.54 133.22 21.38 14.35
truck 445.02 161.26 23.91 28.74
person 542.36 178.99 4.29 18.96
person 577.32 239.01 13.6 10.69
car 322.26 167.21 14.24 14.4
motorcycle 415.85 154.81 5.99 9.51
motorcycle 408.21 161.46 7.17 8.7
truck 382.29 252.81 74.86 74.09
truck 510.74 257.1 77.14 56.52
truck 45.48 263.5 90.43 53.53
person 415.74 166.06 8.15 7.51
car 346.07 153.64 12.34 9.01
car 320.0 241.0 638 244
