dog 325.0845 382.45133333333337 20.8 22.36
person 250.9065 294.918 13.6825 44.63333333333333
person 245.46599999999998 260.14733333333334 12.3825 46.470666666666666
frisbee 241.91049999999998 256.2733333333333 5.278 10.217999999999998
kite 240.38949999999997 47.658 63.999 25.792
person 178.2365 218.2266666666667 10.5625 18.278
person 160.5695 218.10533333333336 5.7785 10.868
person 142.40200000000002 208.81466666666665 3.523 9.836666666666666
person 138.19 206.53533333333334 5.0440000000000005 8.510666666666667
person 333.71649999999994 362.57866666666666 11.108500000000001 54.782000000000004
person 157.29999999999998 217.022 3.2175 8.415333333333335
person 82.4265 315.7353333333333 7.988499999999999 16.024666666666665
person 40.144 290.42 6.714499999999999 24.899333333333335
person 297.557 366.12333333333333 14.599 51.150666666666666
person 169.27300000000002 218.31333333333333 5.681 14.126666666666667
