dog 137.27168 346.1696385542169 163.60448 130.78939759036143
person 325.37023999999997 160.686265060241 100.78847999999999 318.56578313253016
person 409.66015999999996 131.50361445783133 12.36352 155.31084337349398
person 238.47616 288.46843373493977 52.083200000000005 251.39180722891567
person 174.47872 153.45638554216868 39.05408 85.34265060240963
person 35.61792 208.0 70.58688 416.0
person 135.06688 34.69590361445783 38.08064 68.9532530120482
person 90.064 147.1787951807229 75.57056 291.8265060240964
apple 138.9024 175.40915662650605 11.67296 17.06602409638554
apple 130.34112 171.775421686747 8.54464 15.32433734939759
apple 144.3104 149.73493975903614 36.84096 58.42795180722892
apple 219.54816 143.7831325301205 65.41184000000001 63.67807228915663
orange 272.75456 116.7055421686747 27.306240000000003 37.51518072289157
handbag 25.958399999999997 231.34361445783134 51.92511999999999 154.22072289156625
handbag 171.37536 250.21397590361445 58.780800000000006 88.01156626506024
apple 252.17920000000004 138.73349397590363 65.27871999999999 57.187469879518076
person 355.34720000000004 12.91855421686747 16.1408 24.99759036144578
person 377.86944 7.505542168674698 25.97504 14.99855421686747
apple 148.70336 174.60722891566263 10.9824 16.15132530120482
