potted plant 246.35866666666666 137.72199999999998 25.497333333333334 40.69
potted plant 196.25666666666666 135.5575 33.40133333333333 48.190999999999995
potted plant 153.062 139.4575 18.078666666666667 37.713
potted plant 221.17333333333332 143.85799999999998 33.49666666666667 29.796000000000003
cat 195.27733333333333 305.279 79.03133333333334 60.2485
bottle 292.2486666666666 394.147 23.694666666666667 43.69950000000001
bottle 273.754 141.34900000000002 15.51333333333333 33.995
refrigerator 49.12266666666667 217.32750000000001 90.792 384.293
oven 113.91466666666666 198.042 31.33866666666666 20.7415
bottle 233.13333333333333 145.912 13.693333333333335 24.609
spoon 125.10333333333332 142.532 12.48 37.44
banana 277.2033333333333 107.51650000000001 37.14533333333333 15.476499999999998
banana 280.70466666666664 76.94699999999999 25.939333333333334 18.823999999999998
sink 338.96200000000005 191.95149999999998 18.668 11.238499999999998
chair 127.69466666666666 285.649 76.102 165.87349999999998
oven 320.8226666666667 274.989 53.837333333333326 173.60849999999996
