tvmonitor 305 182 327 249
bottle 49 100 59 125
bottle 30 103 36 121
dining table 325 295 416 411
bed 196 182 231 253
cell phone 377 396 397 415
refrigerator 11 149 96 410
book 330 263 353 276
book 326 284 354 298
book 326 278 353 292
book 337 233 353 239
book 329 195 357 205
book 327 267 350 283
bottle 153 284 168 304
sofa 109 209 151 237
potted plant 322 37 361 128
book 323 204 358 216
chair 365 279 415 307
book 325 276 352 288
book 337 239 351 243
book 330 163 357 168
book 329 167 359 173
microwave 104 278 152 316
book 326 302 350 336
book 323 97 369 303
