bottle 349.89 297.49 17.77 35.92
refrigerator 27.57 311.18 55.14 209.11
refrigerator 607.26 304.47 65.47 181.43
bowl 384.89 304.54 37.22 22.81
banana 294.31 310.82 10.23 11.35
apple 322.35 310.1 5.67 6.6
apple 311.09 310.62 9.24 9.82
oven 233.09 326.1 66.29 93.46
sink 303.55 273.66 95.02 8.1
cup 334.02 306.62 12.27 12.18
dining table 338.43 361.37 145.96 135.97
oven 136.81 314.99 120.13 137.45
vase 397.31 181.69 11.99 10.82
apple 302.53 310.47 9.24 11.04
bowl 391.77 268.22 18.33 8.76
bowl 98.53 267.17 29.21 21.43
bowl 137.12 273.99 24.42 7.66
bowl 632.24 212.52 15.52 5.18
bowl 15.12 199.84 30.24 18.49
vase 198.66 183.41 9.03 7.39
vase 199.99 154.13 9.47 8.86
vase 394.74 155.41 10.04 5.72
bowl 174.38 266.86 35.23 23.97
