tvmonitor 109 83 145 150
tvmonitor 226 75 262 133
chair 163 169 232 311
tvmonitor 192 78 225 134
laptop 249 117 296 184
mouse 243 155 249 164
keyboard 200 142 239 166
backpack 129 334 198 409
sports ball 376 223 414 333
bottle 90 190 101 228
bottle 175 110 180 133
bottle 180 105 185 132
bottle 308 156 317 190
bottle 316 144 326 183
potted plant 364 101 400 167
keyboard 129 140 155 165
keyboard 258 158 289 179
book 153 142 171 157
book 154 134 169 150
vase 355 93 367 141
bottle 79 209 92 248
cup 298 146 310 182
cup 291 170 306 199
cup 312 146 326 182
cup 307 164 317 192
mouse 192 150 195 157
book 84 136 100 147
book 84 154 99 161
