cow 249.63 196.89 55.82 53.12
couch 485.24 219.68 29.53 35.94
chair 349.02 216.66 18.76 31.1
chair 367.76 216.15 19.02 30.53
chair 329.62 216.06 23.54 30.47
chair 485.45 219.9 29.1 33.84
chair 353.5 187.54 17.24 31.84
couch 422.58 215.94 72.82 33.54
couch 438.23 188.41 37.76 32.75
car 117.94 223.23 234.45 91.9
car 52.49 158.63 23.63 23.22
person 111.43 199.59 28.66 27.72
traffic light 20.62 91.78 31.03 82.11
traffic light 120.02 95.55 34.29 34.91
traffic light 448.31 117.5 22.23 64.79
traffic light 209.47 120.47 16.34 29.23
chair 317.28 213.15 8.1 31.73
dining table 353.55 217.31 54.66 27.3
cow 249.63 196.89 55.82 53.12
couch 485.24 219.68 29.53 35.94
chair 349.02 216.66 18.76 31.1
chair 367.76 216.15 19.02 30.53
chair 329.62 216.06 23.54 30.47
chair 485.45 219.9 29.1 33.84
chair 353.5 187.54 17.24 31.84
couch 422.58 215.94 72.82 33.54
couch 438.23 188.41 37.76 32.75
car 117.94 223.23 234.45 91.9
car 52.49 158.63 23.63 23.22
person 111.43 199.59 28.66 27.72
traffic light 20.62 91.78 31.03 82.11
traffic light 120.02 95.55 34.29 34.91
traffic light 448.31 117.5 22.23 64.79
traffic light 209.47 120.47 16.34 29.23
chair 317.28 213.15 8.1 31.73
dining table 353.55 217.31 54.66 27.3
