person 101 14 249 416
person 3 89 125 416
person 70 99 124 190
person 369 139 416 330
wine_glass 86 171 108 242
wine_glass 316 232 392 341
wine_glass 213 117 242 213
person 0 301 22 415
bottle 288 203 296 249
bottle 303 202 309 249
bottle 308 200 317 250
bottle 314 199 324 249
bottle 286 140 295 186
bottle 259 164 279 177
bottle 257 179 279 191
bottle 258 208 280 221
bottle 289 275 297 313
bottle 303 274 312 316
bottle 319 277 329 319
bottle 294 202 303 250
bottle 258 150 278 163
bottle 89 39 406 315
