person 551.25 223.17 4.82 9.23
snowboard 311.6 316.23 14.79 5.7
snowboard 518.71 265.47 20.56 3.74
backpack 305.64 297.32 4.0 8.87
person 485.92 242.63 5.78 10.5
person 521.97 232.53 3.26 6.45
skis 196.65 279.12 9.92 2.99
person 325.37 243.3 6.88 17.8
person 314.43 299.45 21.78 34.66
person 194.73 266.81 8.73 24.6
person 452.12 236.58 8.25 11.22
person 519.91 251.69 3.56 15.97
person 635.98 292.3 7.65 19.12
person 510.74 243.05 4.37 8.41
person 515.94 244.73 4.48 10.26
skis 487.74 257.38 15.28 1.25
skis 447.38 241.67 10.99 1.27
snowboard 488.74 263.78 6.02 2.15
snowboard 509.99 253.61 7.53 1.28
snowboard 360.12 246.55 8.28 1.11
skis 518.64 264.86 15.96 2.38
person 469.39 239.35 1.45 2.95
person 510.68 246.6 6.9 14.7
person 443.0 248.5 180 39
