chair 336.86 271.21 161.44 71.03
chair 161.47 230.21 92.7 111.99
chair 245.18 239.5 121.42 108.27
chair 143.86 163.72 17.39 12.1
dining table 320.89 374.65 633.17 199.55
dining table 463.48 119.19 65.6 28.19
person 481.44 262.06 317.13 304.57
cup 353.55 393.31 89.33 156.06
cup 98.25 441.4 125.63 77.21
pizza 137.22 394.98 196.96 114.08
book 553.72 422.59 171.96 114.83
chair 281.74 169.75 77.3 35.64
chair 422.08 217.19 42.17 132.23
chair 388.97 190.19 39.69 99.99
chair 124.03 165.08 18.93 8.17
chair 471.99 131.18 30.43 36.88
chair 523.73 97.58 14.89 21.46
dining table 264.94 225.04 223.17 103.48
dining table 448.21 157.09 23.69 24.94
person 543.43 79.43 45.13 50.68
person 501.64 77.82 23.56 30.74
person 607.42 122.01 64.87 186.95
chair 72.4 224.77 66.86 113.53
chair 336.86 271.21 161.44 71.03
chair 161.47 230.21 92.7 111.99
chair 245.18 239.5 121.42 108.27
chair 143.86 163.72 17.39 12.1
dining table 320.89 374.65 633.17 199.55
dining table 463.48 119.19 65.6 28.19
person 481.44 262.06 317.13 304.57
cup 353.55 393.31 89.33 156.06
cup 98.25 441.4 125.63 77.21
pizza 137.22 394.98 196.96 114.08
book 553.72 422.59 171.96 114.83
chair 281.74 169.75 77.3 35.64
chair 422.08 217.19 42.17 132.23
chair 388.97 190.19 39.69 99.99
chair 124.03 165.08 18.93 8.17
chair 471.99 131.18 30.43 36.88
chair 523.73 97.58 14.89 21.46
dining table 264.94 225.04 223.17 103.48
dining table 448.21 157.09 23.69 24.94
person 543.43 79.43 45.13 50.68
person 501.64 77.82 23.56 30.74
person 607.42 122.01 64.87 186.95
chair 72.4 224.77 66.86 113.53
