baseball bat 210 126 231 232
baseball glove 266 314 289 348
person 170 157 240 403
person 332 164 379 416
person 244 204 308 411
person 274 55 301 114
person 200 71 226 117
person 155 46 203 111
person 112 44 143 110
person 85 68 113 110
person 218 74 247 117
person 389 38 416 88
person 375 178 409 261
chair 386 104 408 124
chair 386 87 409 104
chair 364 84 387 102
chair 328 99 364 123
chair 343 84 365 102
chair 288 98 320 120
person 38 71 68 108
chair 314 100 338 121
chair 397 105 415 126
chair 406 88 416 106
person 345 25 386 85
person 0 0 415 261
