bottle 582.2 296.83 55.88 113.6
laptop 507.48 247.66 143.38 106.65
mouse 445.9 345.99 47.51 39.48
keyboard 313.26 297.44 194.77 58.53
book 119.39 236.71 17.95 64.29
book 114.39 283.61 100.7 35.05
book 112.46 320.16 123.82 55.2
tv 328.84 178.32 151.44 176.45
mouse 424.04 290.54 25.64 22.73
book 136.69 231.56 20.25 73.62
book 128.1 230.56 18.2 76.92
book 71.47 236.75 16.51 71.94
book 105.25 235.19 15.52 74.71
book 148.72 230.09 30.83 83.81
book 164.46 234.51 11.15 74.09
book 167.54 223.35 28.36 95.03
book 76.63 233.81 21.92 76.26
book 84.15 231.25 30.8 77.27
book 108.62 230.26 24.42 79.26
