bottle 240 57 255 92
bottle 232 116 244 142
wine_glass 577 106 416 143
cup 42 126 58 150
oven 158 250 261 416
oven 430 232 416 354
toaster 67 217 127 259
toaster 404 199 416 231
sink 259 227 338 245
bottle 230 52 242 94
cup 447 124 416 141
spoon 342 197 355 220
bowl 555 319 416 352
cup 424 80 416 93
cup 432 79 416 92
cup 446 79 416 92
cup 462 76 416 88
dining_table 234 305 416 416
bottle 240 57 255 92
bottle 232 116 244 142
wine_glass 577 106 416 143
cup 42 126 58 150
oven 158 250 261 416
oven 430 232 416 354
toaster 67 217 127 259
toaster 404 199 416 231
sink 259 227 338 245
bottle 230 52 242 94
cup 447 124 416 141
spoon 342 197 355 220
bowl 555 319 416 352
cup 424 80 416 93
cup 432 79 416 92
cup 446 79 416 92
cup 462 76 416 88
dining_table 234 305 416 416
