chair 263 56 271 78
chair 324 50 333 59
chair 1 94 7 177
person 134 0 233 151
person 264 0 415 207
person 4 0 113 175
person 269 22 309 85
person 331 14 358 86
cup 152 143 175 186
cup 193 194 224 241
spoon 273 157 299 192
bowl 176 151 227 195
bowl 380 193 415 229
bowl 27 392 98 411
bowl 15 172 60 202
dining table 0 128 416 410
dining table 234 78 341 119
bowl 320 68 326 71
bowl 163 213 194 237
bowl 0 377 21 416
carrot 182 322 191 361
carrot 189 314 200 353
carrot 142 192 151 220
carrot 137 196 144 220
carrot 147 189 165 224
carrot 199 318 242 354
carrot 199 333 239 377
carrot 63 364 95 398
carrot 187 332 196 358
chair 260 88 320 172
dining table 311 72 333 81
cup 236 138 256 180
cup 97 147 124 172
cup 142 148 154 175
cup 304 69 312 89
bowl 291 318 416 409
carrot 172 337 216 389
chair 214 67 260 141
chair 136 101 143 145
cup 364 212 403 263
cup 380 258 416 356
