car 290 97 374 130
car 403 100 415 104
truck 373 103 415 132
truck 354 87 403 105
baseball bat 247 144 307 183
person 96 118 234 302
person 190 74 279 335
person 108 90 121 126
person 64 108 88 173
person 17 91 47 136
person 113 104 139 170
person 163 110 178 148
bench 23 141 107 170
bench 114 140 157 163
person 96 106 117 174
person 45 92 69 149
person 43 112 62 177
person 158 111 170 153
car 266 112 298 137
car 262 112 280 120
chair 101 175 217 356
person 134 88 143 115
bench 86 129 97 132
person 126 90 140 125
bus 353 67 415 131
person 17 84 163 183
