clock 293 92 326 134
car 279 259 292 281
car 299 247 306 254
handbag 269 381 298 411
handbag 290 271 297 283
person 259 314 331 410
person 165 277 198 405
person 290 260 301 311
person 304 256 320 311
person 144 256 155 292
person 316 258 326 295
car 316 243 322 249
bench 308 384 325 414
dog 158 398 194 415
person 301 251 310 293
person 327 255 334 279
person 325 255 328 268
person 290 257 296 278
person 318 252 323 262
person 295 256 299 262
car 322 242 327 248
car 328 236 332 241
car 326 246 332 253
person 265 245 268 256
car 318 250 324 257
