dog 258 134 352 224
tvmonitormonitor 0 104 103 198
tvmonitormonitor 181 182 262 247
cat 485 318 416 403
sofa 251 123 416 346
bottle 532 208 416 239
bottle 384 342 414 401
book 262 92 267 108
book 262 112 265 126
book 264 131 267 145
book 264 148 270 163
book 269 131 272 143
book 234 128 255 138
book 265 111 271 127
book 259 113 262 127
book 275 92 279 106
book 262 131 264 145
book 88 228 115 240
remote 571 247 416 254
dog 258 134 352 224
tvmonitormonitor 0 104 103 198
tvmonitormonitor 181 182 262 247
cat 485 318 416 403
sofa 251 123 416 346
bottle 532 208 416 239
bottle 384 342 414 401
book 262 92 267 108
book 262 112 265 126
book 264 131 267 145
book 264 148 270 163
book 269 131 272 143
book 234 128 255 138
book 265 111 271 127
book 259 113 262 127
book 275 92 279 106
book 262 131 264 145
book 88 228 115 240
remote 571 247 416 254
