bicycle 0.515905 126 308 170 349
person 0.271181 128 286 165 339
bicycle 0.241868 129 328 152 356
traffic_light 0.241747 84 17 156 208
person 0.153573 208 251 232 279
person 0.152115 204 264 231 292
person 0.149215 193 265 214 292
person 0.127303 141 281 165 312
car 0.120718 215 250 246 276
bicycle 0.120596 151 313 174 338
person 0.111561 129 291 154 328
person 0.110273 158 284 182 312
bicycle 0.110114 128 309 153 343
car 0.10439 280 173 379 242
person 0.0814585 191 253 214 280
bicycle 0.0639272 155 294 180 327
