person 0.840402 244 263 289 414
person 0.675392 321 218 336 270
person 0.535161 18 183 75 304
person 0.510505 134 190 163 308
person 0.458723 348 216 362 260
person 0.424497 395 212 412 252
person 0.423165 236 201 255 235
person 0.421977 334 223 348 265
person 0.401922 290 219 303 269
person 0.371594 104 210 132 315
person 0.266757 57 179 87 314
person 0.248413 58 181 87 238
person 0.243114 185 202 208 236
person 0.237955 305 226 319 265
person 0.214756 21 175 63 237
person 0.193408 160 192 179 236
person 0.16139 253 211 271 240
handbag 0.149025 59 199 79 239
person 0.147546 221 198 238 238
person 0.130001 190 205 217 294
person 0.123991 394 235 416 263
person 0.115048 219 212 238 284
person 0.109126 94 207 116 316
person 0.104197 160 184 179 216
person 0.101458 235 200 256 267
person 0.0973701 159 191 181 305
train 0.0907143 0 113 132 255
person 0.0877415 136 189 165 238
person 0.0756825 206 201 226 232
person 0.070033 189 210 214 240
person 0.0676388 108 206 132 237
person 0.0667693 177 200 197 236
person 0.0631924 200 208 224 291
person 0.0585427 205 213 225 242
person 0.0566061 97 204 119 240
