person 0.912747 179 293 214 405
person 0.835475 202 233 223 317
person 0.694265 338 214 355 286
person 0.66142 322 227 340 306
person 0.587106 387 191 400 241
person 0.533896 370 189 385 241
traffic_light 0.488646 116 222 169 328
traffic_light 0.458871 0 97 87 379
traffic_light 0.375335 319 118 338 182
person 0.250492 322 278 354 413
person 0.245881 302 370 351 416
bicycle 0.24089 203 271 219 318
person 0.187863 349 210 368 312
person 0.187855 292 375 335 415
potted_plant 0.165568 299 220 319 252
person 0.154003 306 377 328 415
person 0.146641 402 175 413 223
potted_plant 0.124911 295 215 310 255
person 0.08953 330 218 350 299
traffic_light 0.0840232 390 150 405 188
backpack 0.080666 332 340 354 416
person 0.0626914 204 238 222 268
traffic_light 0.0572324 322 120 337 158
person 0.0544878 350 222 365 264
person 0.0511912 300 314 362 413
