cup 0.825875 321 260 366 331
person 0.69221 194 140 279 217
fork 0.682534 31 368 249 408
wine_glass 0.608111 377 291 416 398
knife 0.553524 336 352 387 402
fork 0.548992 68 364 221 398
person 0.52361 230 123 310 219
spoon 0.490225 294 369 337 410
person 0.475672 4 129 139 289
cup 0.443204 214 251 261 298
cup 0.426455 203 217 227 248
cup 0.399502 170 234 210 297
spoon 0.382586 327 359 406 416
dining_table 0.371818 52 185 416 416
person 0.361513 80 148 125 186
person 0.345496 339 99 415 315
cup 0.339028 138 216 168 243
person 0.320025 275 107 384 259
person 0.253226 118 142 140 171
cup 0.251222 137 204 166 232
person 0.249665 177 147 251 211
spoon 0.227095 293 364 384 416
person 0.202505 282 116 318 177
person 0.197811 284 115 314 146
sandwich 0.187112 271 302 319 325
person 0.166761 195 144 238 195
person 0.159624 246 120 316 187
wine_glass 0.159006 134 171 163 198
fork 0.15619 64 252 142 268
person 0.142185 1 326 52 415
person 0.141753 111 148 137 175
person 0.138042 37 135 128 233
wine_glass 0.127456 136 185 162 211
person 0.113309 40 174 133 249
cup 0.112629 138 233 169 257
fork 0.10566 169 356 227 394
cup 0.103733 158 196 180 233
sandwich 0.101593 253 318 283 338
bowl 0.0961168 73 245 137 258
person 0.0879759 0 245 86 314
cup 0.0861856 219 223 243 246
cup 0.0855278 97 286 130 301
sandwich 0.0831115 265 308 322 347
person 0.082902 0 131 90 234
sandwich 0.0821084 254 329 302 350
book 0.0775151 227 224 323 259
person 0.075824 235 160 317 236
person 0.074941 2 145 100 390
knife 0.0722969 349 233 411 286
person 0.0689592 183 146 209 168
knife 0.068446 96 289 178 303
person 0.0678189 253 124 280 147
sandwich 0.061917 213 313 245 331
fork 0.0618855 44 394 261 415
cake 0.0610333 105 333 138 351
person 0.0604975 262 114 338 236
cup 0.0604382 152 216 175 248
person 0.059285 222 152 269 213
cup 0.0575642 157 186 182 215
sandwich 0.0563293 184 285 290 346
bottle 0.055977 173 185 208 238
cup 0.0547931 216 233 248 258
person 0.0519092 196 143 237 166
person 0.0500158 159 159 202 179
