sofa 0.595859 215 251 392 416
chair 0.547251 258 251 357 331
book 0.441633 186 156 209 181
book 0.300876 203 144 218 179
book 0.280873 229 235 255 251
tvmonitor 0.25111 226 118 245 146
bench 0.236339 13 329 127 403
bench 0.159332 4 304 167 411
bench 0.148396 48 297 163 377
book 0.142993 251 188 273 215
book 0.135311 184 230 203 255
book 0.124384 186 262 211 288
book 0.120157 266 229 282 258
book 0.116205 229 227 258 247
book 0.115627 206 233 225 253
cell_phone 0.111548 360 393 389 415
book 0.0969981 220 150 249 177
book 0.0871021 182 160 198 181
book 0.0625296 328 377 386 415
book 0.0573555 183 186 216 214
book 0.0539776 182 116 208 142
laptop 0.0526056 18 315 129 375
book 0.0516237 268 188 283 217
sofa 0.0502867 126 342 228 416
