sandwich 0.708949 198 135 401 403
carrot 0.385338 102 210 136 256
cake 0.243707 17 243 130 340
person 0.215585 11 1 145 54
carrot 0.20227 42 161 108 255
dining_table 0.197154 36 38 416 416
sandwich 0.179294 214 0 387 157
knife 0.147342 95 0 115 42
carrot 0.142331 297 89 416 152
carrot 0.13023 51 173 82 251
pizza 0.124991 36 42 243 189
knife 0.121337 99 0 140 45
carrot 0.104206 74 166 112 242
carrot 0.0947949 29 162 52 267
person 0.0923657 0 0 90 73
carrot 0.0894377 29 164 84 263
bowl 0.079431 0 336 109 412
bowl 0.072908 2 241 154 416
carrot 0.0629287 326 300 412 380
carrot 0.0504425 39 168 71 236
