broccoli 0.691853 61 195 293 346
orange 0.584296 285 122 385 204
cup 0.524214 56 4 150 78
broccoli 0.307704 18 106 95 165
broccoli 0.281176 61 209 145 281
broccoli 0.260204 223 258 312 341
bowl 0.235918 26 158 386 380
broccoli 0.211485 123 271 226 335
broccoli 0.131709 67 210 135 247
broccoli 0.0906162 155 260 260 335
broccoli 0.0904567 19 128 80 170
broccoli 0.0809043 66 271 148 339
fork 0.0752028 281 296 393 384
broccoli 0.0658817 30 96 89 133
dining_table 0.0629832 42 22 416 330
broccoli 0.0541611 132 197 231 268
broccoli 0.0532612 233 248 325 312
