wine_glass 0.880776 142 49 200 194
wine_glass 0.47443 33 37 71 172
wine_glass 0.432299 74 27 131 145
wine_glass 0.285574 88 36 146 171
dining_table 0.253413 50 40 416 381
wine_glass 0.212146 103 57 161 178
carrot 0.190816 291 253 330 284
bowl 0.167232 158 39 280 105
wine_glass 0.165435 33 111 53 185
wine_glass 0.154592 50 45 109 169
wine_glass 0.148225 58 105 99 165
bowl 0.140763 246 153 416 334
bowl 0.118903 5 179 176 349
wine_glass 0.117353 0 70 39 130
potted_plant 0.0864953 130 0 416 101
wine_glass 0.0840447 31 22 72 95
wine_glass 0.0829847 108 70 152 135
wine_glass 0.0707527 70 21 110 120
bowl 0.0623595 274 33 371 121
knife 0.0616715 140 283 214 393
carrot 0.0602608 282 256 332 300
potted_plant 0.05738 163 0 315 47
cup 0.0534919 1 111 38 198
sandwich 0.0501038 193 46 243 92
