motorbike 0.55801 22 144 280 401
person 0.244599 270 17 318 157
bicycle 0.204745 220 183 321 234
banana 0.143934 318 161 363 212
bicycle 0.128466 190 148 297 193
motorbike 0.117785 50 161 169 378
motorbike 0.113257 116 172 289 378
banana 0.0887145 330 166 359 198
person 0.0845531 274 27 304 90
motorbike 0.0755563 77 140 205 345
bicycle 0.0740099 212 199 323 270
potted_plant 0.0685104 0 138 110 340
handbag 0.0602269 329 326 368 374
bicycle 0.0560034 160 180 258 236
person 0.05567 173 3 205 69
banana 0.0549584 327 184 356 215
banana 0.0514126 302 132 370 218
