person 0.97403 91 78 175 384
person 0.916395 160 5 219 195
person 0.786264 266 0 337 221
person 0.564189 220 3 276 187
cup 0.454796 380 63 397 106
suitcase 0.427339 149 224 194 391
wine_glass 0.374639 370 62 385 104
suitcase 0.246513 165 296 194 385
person 0.209311 342 2 409 98
person 0.192089 339 0 412 228
cup 0.191553 401 66 415 111
bench 0.106853 325 37 416 315
person 0.101756 326 0 355 75
person 0.0878443 214 5 331 205
person 0.0758627 319 1 347 147
potted_plant 0.0689014 379 0 414 48
handbag 0.0554475 213 0 237 57
person 0.0548059 402 35 414 81
