person 0.864372 275 102 334 199
person 0.658464 140 120 198 228
person 0.640068 184 108 240 230
motorbike 0.624509 0 205 95 408
person 0.578991 3 163 71 241
person 0.572158 333 174 384 237
motorbike 0.483731 9 149 337 403
laptop 0.39469 0 211 41 258
person 0.239339 95 154 174 246
motorbike 0.218993 48 215 249 395
person 0.148626 397 159 415 215
person 0.085804 286 175 331 226
person 0.0827538 194 115 239 190
motorbike 0.0722879 207 210 411 401
person 0.0706075 176 168 215 239
person 0.0688809 169 131 201 204
person 0.0658331 70 162 201 318
dining_table 0.0654638 233 148 320 213
person 0.0634165 0 183 75 296
handbag 0.0574627 150 145 183 215
person 0.0569925 180 161 240 247
chair 0.0528151 314 205 340 229
