person 0.859285 17 43 146 381
person 0.774697 357 25 415 384
person 0.691519 157 71 261 273
person 0.530527 239 75 363 340
cup 0.496593 183 280 238 411
clock 0.432866 321 0 339 29
bottle 0.417638 244 256 290 398
person 0.2476 1 55 58 182
bowl 0.206404 116 288 190 377
person 0.1746 2 97 43 178
cake 0.13781 359 371 414 413
cup 0.137129 166 384 194 416
person 0.132426 159 115 230 251
knife 0.094015 256 326 358 410
person 0.0900091 0 139 24 295
person 0.0835173 0 98 49 253
bottle 0.0728953 251 256 284 339
person 0.06767 25 58 60 149
cup 0.0668984 126 230 149 260
person 0.0636837 311 264 337 290
bowl 0.0606071 121 279 211 347
person 0.0546694 0 83 37 397
person 0.0500712 22 92 55 179
