horse 0.898828 36 188 179 338
person 0.796066 212 137 252 206
car 0.730139 365 183 414 299
person 0.277119 326 180 356 282
person 0.160967 303 177 323 212
person 0.143303 289 199 315 271
person 0.114666 313 175 332 212
person 0.0874855 333 184 355 220
car 0.0861268 341 171 403 308
person 0.0716125 289 185 327 250
person 0.0663235 311 170 336 229
person 0.0647173 327 170 359 230
person 0.0646517 318 170 374 294
person 0.0618684 210 146 247 248
person 0.0605465 299 170 328 227
person 0.0575001 0 235 14 261
car 0.0502688 288 154 385 311
