chair 0.806064 78 187 201 349
chair 0.786646 44 183 109 375
person 0.685185 81 109 137 191
person 0.681853 314 24 365 132
person 0.493726 146 134 184 181
clock 0.312214 46 22 63 44
chair 0.254926 0 397 49 415
dining_table 0.197923 45 189 233 406
laptop 0.177532 272 262 416 416
person 0.172783 145 152 207 267
laptop 0.1589 222 132 416 416
dining_table 0.118405 21 314 218 415
person 0.0963365 147 135 166 178
chair 0.0923277 176 186 233 291
book 0.0901696 397 76 415 119
chair 0.0881735 188 125 212 146
person 0.0795836 137 111 153 151
chair 0.0574946 7 193 94 393
