cup 0.972925 71 24 137 184
cup 0.875084 159 4 217 159
dining_table 0.695295 2 111 409 416
bottle 0.540383 382 0 415 116
sandwich 0.364705 55 214 142 323
bowl 0.361168 270 159 358 242
knife 0.23449 250 223 271 311
fork 0.195917 261 308 288 383
bowl 0.151154 45 195 249 398
sandwich 0.113425 135 173 223 261
bowl 0.080325 296 249 337 276
sandwich 0.0775801 296 287 367 372
broccoli 0.0637039 206 249 233 282
knife 0.0535589 275 252 294 338
fork 0.0532257 266 319 286 358
broccoli 0.0515253 173 284 197 309
broccoli 0.051008 201 285 227 313
