carrot 0.797142 318 143 411 215
broccoli 0.7234 193 86 359 220
bowl 0.606219 115 33 277 128
broccoli 0.524278 238 91 315 147
carrot 0.408957 317 149 369 194
carrot 0.317365 398 160 416 208
carrot 0.266142 232 194 290 216
carrot 0.24583 315 94 413 150
carrot 0.23818 308 192 347 218
sandwich 0.220414 16 174 157 240
carrot 0.219762 370 149 403 214
carrot 0.209746 288 207 332 225
dining_table 0.187985 0 53 416 416
bowl 0.182118 4 117 198 245
cake 0.140755 87 114 140 147
broccoli 0.140025 220 137 318 208
carrot 0.114198 341 175 374 221
bowl 0.109108 15 194 347 412
carrot 0.105441 317 94 359 114
broccoli 0.100875 285 111 366 161
carrot 0.0902167 369 113 416 155
broccoli 0.0685744 222 92 323 189
bowl 0.0673136 168 52 416 297
broccoli 0.0671336 251 100 353 180
carrot 0.0500265 283 202 317 220
