person 0.924039 102 0 316 354
chair 0.704667 273 146 343 210
person 0.539625 287 92 317 144
tennis_racket 0.459598 82 94 143 182
person 0.3911 3 106 41 170
person 0.314877 271 96 292 134
chair 0.272627 32 101 108 197
chair 0.255698 358 144 414 256
person 0.251086 26 89 53 118
person 0.173379 250 101 273 132
person 0.16229 0 98 13 143
person 0.155784 248 60 277 110
chair 0.146873 0 135 16 206
person 0.131918 0 88 14 120
person 0.130502 28 104 50 136
person 0.128903 6 106 35 137
bench 0.112612 266 100 411 137
person 0.112319 232 65 250 103
person 0.107324 42 97 81 143
person 0.0976303 244 100 261 135
person 0.0820456 0 99 16 174
person 0.0796944 23 102 54 171
chair 0.0783729 44 139 94 194
person 0.0751741 45 100 87 177
person 0.0743224 25 90 55 141
chair 0.0709543 392 124 415 184
bench 0.0623951 265 116 406 163
