person 0.936759 216 194 343 413
bottle 0.884876 191 243 206 315
person 0.791139 218 133 265 276
person 0.774904 94 142 144 299
bottle 0.709183 28 229 50 302
person 0.671394 324 218 416 398
person 0.549591 156 152 221 287
refrigerator 0.419251 295 128 397 303
cup 0.409953 155 284 173 314
cup 0.369025 133 280 148 309
cup 0.315378 0 276 13 319
dining_table 0.280826 24 264 264 412
bowl 0.275182 121 301 144 322
bottle 0.228142 49 166 67 205
microwave 0.165528 30 205 79 251
cup 0.135053 212 282 228 312
person 0.108709 10 336 99 414
microwave 0.086718 12 199 89 275
bottle 0.079206 212 288 227 329
cup 0.0785582 55 235 84 323
cell_phone 0.0757944 99 319 125 340
spoon 0.0746607 94 319 123 374
