broccoli 0.662914 235 274 320 337
broccoli 0.508139 318 307 412 372
broccoli 0.478196 328 54 391 90
carrot 0.284806 0 253 25 278
broccoli 0.281357 253 141 332 210
carrot 0.27803 211 328 239 364
broccoli 0.24912 0 25 85 71
broccoli 0.24784 100 257 189 298
broccoli 0.230859 146 313 220 367
carrot 0.227828 192 266 243 302
broccoli 0.214981 7 335 103 374
broccoli 0.206529 66 77 155 153
broccoli 0.17131 364 143 411 194
broccoli 0.16163 29 183 135 255
broccoli 0.16076 286 238 389 291
broccoli 0.14834 134 275 222 338
broccoli 0.143902 80 314 158 369
carrot 0.136544 242 97 292 145
bowl 0.130333 0 77 414 399
carrot 0.129089 0 285 58 332
broccoli 0.128458 197 56 287 101
broccoli 0.128103 334 90 395 127
broccoli 0.127498 180 112 253 182
broccoli 0.121646 336 254 416 358
carrot 0.120755 329 202 381 235
broccoli 0.116913 322 51 394 121
broccoli 0.106881 103 54 165 89
broccoli 0.106313 248 244 353 294
carrot 0.104318 158 217 198 246
carrot 0.103575 151 343 190 371
broccoli 0.096879 2 60 79 144
broccoli 0.0965853 337 241 412 305
carrot 0.0889187 248 335 284 359
carrot 0.0885314 128 44 173 65
carrot 0.0855949 0 146 25 213
carrot 0.0845737 375 234 412 255
broccoli 0.0817222 282 18 385 77
broccoli 0.0790513 175 130 251 212
broccoli 0.0790284 0 331 47 379
carrot 0.0725373 13 63 66 89
broccoli 0.0706936 239 144 281 197
carrot 0.0705393 334 187 410 240
broccoli 0.0700463 156 78 212 119
carrot 0.0693495 359 179 414 223
bowl 0.0690668 0 4 377 290
broccoli 0.0687135 175 291 223 333
broccoli 0.0590564 261 239 411 372
broccoli 0.0587255 0 84 18 123
carrot 0.0559388 205 260 259 303
carrot 0.0551382 181 40 226 65
carrot 0.0548927 266 218 317 254
broccoli 0.054154 0 257 82 304
carrot 0.0532598 296 286 358 327
broccoli 0.0532206 192 183 267 244
broccoli 0.0520879 320 292 363 333
broccoli 0.0515827 98 269 199 319
