person 0.935597 223 185 368 362
person 0.802489 189 0 366 351
person 0.716216 293 3 351 107
person 0.674187 58 219 221 412
person 0.668284 71 16 174 276
book 0.530065 381 154 411 241
book 0.390935 395 161 416 243
dining_table 0.234472 93 331 387 416
chair 0.214016 44 325 108 415
cup 0.176742 177 376 199 409
bowl 0.164036 342 332 414 412
book 0.101378 402 170 416 228
bowl 0.0978849 340 395 388 415
sandwich 0.0936928 370 344 415 397
person 0.08719 298 7 366 223
book 0.0860998 375 112 416 160
dining_table 0.0823434 96 363 330 416
dining_table 0.0709146 61 258 416 416
book 0.067968 379 118 415 144
person 0.0594897 326 0 355 46
