broccoli 0.239628 278 115 351 195
bowl 0.195847 0 26 361 393
broccoli 0.193711 7 166 83 250
broccoli 0.168145 322 0 413 58
spoon 0.148425 37 49 198 176
broccoli 0.143534 24 166 129 252
broccoli 0.121292 12 138 146 278
broccoli 0.108483 286 162 373 247
broccoli 0.104336 278 109 395 257
broccoli 0.0994184 205 182 283 294
broccoli 0.0872619 72 153 150 241
bowl 0.0822526 199 0 408 98
broccoli 0.0779322 131 221 202 325
broccoli 0.068717 61 199 107 256
broccoli 0.0614014 104 127 233 289
spoon 0.0609089 30 18 256 144
broccoli 0.050041 92 187 252 360
