umbrella 0.632266 295 263 375 302
chair 0.260765 276 372 325 416
parking_meter 0.188764 1 174 60 416
person 0.163008 58 101 81 162
dining_table 0.122937 287 366 335 388
umbrella 0.103374 299 269 376 396
dining_table 0.101744 208 341 288 357
dining_table 0.0772221 289 356 334 372
chair 0.0735276 326 361 362 415
chair 0.0713372 307 366 347 416
chair 0.0642937 312 374 334 405
chair 0.0590033 239 369 291 414
dining_table 0.0586485 255 368 292 386
dining_table 0.0582481 330 361 358 394
chair 0.0564972 277 395 324 416
dining_table 0.0510953 247 346 288 362
dining_table 0.0510216 222 351 322 406
