person 0.864373 275 102 334 199
person 0.658464 140 120 198 228
person 0.640067 184 108 240 230
motorbike 0.624508 0 205 95 408
person 0.578992 3 163 71 241
person 0.572159 333 174 384 237
motorbike 0.483732 9 149 337 403
laptop 0.39469 0 211 41 258
person 0.239339 95 154 174 246
motorbike 0.218994 48 215 249 395
person 0.148626 397 159 415 215
person 0.0858041 286 175 331 226
person 0.0827537 194 115 239 190
motorbike 0.0722882 207 210 411 401
person 0.0706076 176 168 215 239
person 0.0688812 169 131 201 204
person 0.0658331 70 162 201 318
dining_table 0.0654636 233 148 320 213
person 0.0634167 0 183 75 296
handbag 0.0574626 150 145 183 215
person 0.0569923 180 161 240 247
chair 0.0528147 314 205 340 229
