person 0.8236 263 43 369 378
tvmonitor 0.78012 105 173 165 245
clock 0.546157 323 16 347 51
sofa 0.261318 169 248 294 336
wine_glass 0.234499 79 137 96 175
dining_table 0.176824 357 255 415 354
bowl 0.162928 89 386 158 415
remote 0.161642 268 114 283 149
bottle 0.132764 69 201 83 236
chair 0.129321 373 279 415 347
sofa 0.12583 121 245 311 409
book 0.122122 74 72 101 105
book 0.110331 56 73 77 100
backpack 0.0963426 183 346 236 385
wine_glass 0.0843945 69 134 83 176
book 0.0618089 95 72 114 103
bottle 0.06035 381 237 393 279
person 0.0603302 330 69 349 106
chair 0.0589258 395 264 415 358
wine_glass 0.0581142 71 150 84 175
traffic_light 0.055338 0 0 50 19
book 0.0531476 74 64 102 84
keyboard 0.0530094 114 238 160 256
person 0.0521151 282 392 314 416
