horse 0.898829 36 188 179 338
person 0.796066 212 137 252 206
car 0.730139 365 183 414 299
person 0.277118 326 180 356 282
person 0.160967 303 177 323 212
person 0.143303 289 199 315 271
person 0.114666 313 175 332 212
person 0.0874851 333 184 355 220
car 0.0861265 341 171 403 308
person 0.0716127 289 185 327 250
person 0.0663236 311 170 336 229
person 0.0647169 327 170 359 230
person 0.0646518 318 170 374 294
person 0.0618683 210 146 247 248
person 0.0605465 299 170 328 227
person 0.0575 0 235 14 261
car 0.0502692 288 154 385 311
