chair 0.806064 78 187 201 349
chair 0.786646 44 183 109 375
person 0.685186 81 109 137 191
person 0.681852 314 24 365 132
person 0.493726 146 134 184 181
clock 0.312214 46 22 63 44
chair 0.254927 0 397 49 415
dining_table 0.197921 45 189 233 406
laptop 0.177533 272 262 416 416
person 0.172783 145 152 207 267
laptop 0.158901 222 132 416 416
dining_table 0.118405 21 314 218 415
person 0.0963362 147 135 166 178
chair 0.0923278 176 186 233 291
book 0.0901697 397 76 415 119
chair 0.0881738 188 125 212 146
person 0.0795836 137 111 153 151
chair 0.0574949 7 193 94 393
