person 0.984123 123 128 200 298
bottle 0.458275 259 235 277 303
tvmonitor 0.446126 280 261 348 330
bottle 0.434526 274 237 289 289
chair 0.389897 210 371 308 416
wine_glass 0.343034 220 238 250 311
person 0.326353 45 190 88 247
potted_plant 0.2405 1 180 34 283
bottle 0.240209 79 210 91 256
microwave 0.226213 196 155 247 201
bowl 0.219507 98 314 152 352
oven 0.210184 186 146 250 264
bowl 0.170131 208 291 230 308
bottle 0.159338 234 246 259 312
bottle 0.135703 284 246 303 282
chair 0.134479 107 248 134 305
cup 0.13172 1 287 34 336
wine_glass 0.126198 12 239 29 286
cup 0.11822 117 301 147 319
person 0.110303 43 191 109 285
oven 0.108516 182 197 253 295
dining_table 0.100129 0 252 364 409
cup 0.0977515 55 274 85 340
bottle 0.0596914 242 256 258 306
cup 0.0593879 32 299 52 330
vase 0.0571569 1 239 16 285
book 0.0558056 3 334 54 375
cup 0.0519144 91 292 113 324
bottle 0.0513806 93 278 113 313
