person 0.820118 280 271 333 387
person 0.784469 314 272 382 382
person 0.725802 0 258 81 415
person 0.716109 203 280 262 405
motorbike 0.681513 182 337 279 415
car 0.378766 216 278 237 309
truck 0.378763 141 264 173 308
person 0.346101 172 270 190 314
person 0.296089 171 288 200 362
car 0.263512 199 267 219 297
person 0.228871 174 284 233 398
motorbike 0.19166 34 316 109 416
car 0.173182 271 314 413 415
car 0.161372 205 275 225 307
person 0.111784 94 243 113 313
car 0.100266 157 273 177 309
person 0.0940062 195 274 214 314
person 0.0901645 179 287 212 358
chair 0.0742298 160 323 177 361
umbrella 0.0600865 385 269 416 330
backpack 0.0599286 54 314 87 378
bicycle 0.0530215 162 311 177 350
motorbike 0.0506177 0 334 87 416
