person 0.946134 193 128 367 398
vase 0.343332 136 273 154 308
oven 0.267247 334 323 416 409
bottle 0.24102 387 282 405 319
bowl 0.208765 379 306 414 350
potted_plant 0.167357 98 174 169 312
tvmonitor 0.141256 219 137 310 208
clock 0.108976 354 71 377 93
vase 0.106008 133 243 159 310
sink 0.0837762 373 322 416 357
dining_table 0.0809909 155 375 383 416
vase 0.0725705 391 57 413 79
cup 0.0620699 385 198 399 240
vase 0.0616905 97 244 114 310
bowl 0.0548259 387 329 416 349
bottle 0.0540033 404 197 415 241
oven 0.0522187 364 352 416 406
