fire_hydrant 0.94227 358 311 384 378
horse 0.858165 149 267 277 389
person 0.569057 105 221 142 332
car 0.348827 303 267 343 282
car 0.333435 266 268 293 291
person 0.313223 92 262 108 302
person 0.304075 76 268 95 301
person 0.257849 74 268 98 322
person 0.134063 43 266 66 294
person 0.125422 68 266 85 298
car 0.0945745 267 280 294 305
person 0.0915596 106 219 135 276
person 0.0767294 72 82 88 120
person 0.0722003 28 262 47 294
person 0.0719219 86 112 101 158
person 0.0674188 64 112 79 157
person 0.0583598 63 266 87 327
