person 0.937132 267 86 396 404
person 0.732709 1 47 212 416
wine_glass 0.555865 121 145 184 248
person 0.536403 145 60 272 368
wine_glass 0.395945 370 171 399 260
person 0.369858 97 42 315 416
wine_glass 0.293296 232 160 267 240
wine_glass 0.0994074 218 146 271 275
wine_glass 0.0912761 139 176 200 289
dining_table 0.0826158 338 283 416 403
person 0.0708848 331 95 413 396
wine_glass 0.0618651 125 74 215 352
person 0.0595789 363 116 414 232
wine_glass 0.0526243 373 190 397 234
bottle 0.0517717 4 183 18 221
