person 0.940078 117 162 169 290
person 0.63899 198 179 232 255
person 0.596789 204 58 225 85
person 0.438179 312 40 331 70
person 0.426179 57 67 81 106
person 0.407333 168 57 191 92
person 0.403877 249 36 270 76
person 0.310467 199 153 251 258
person 0.292337 80 62 106 106
person 0.259867 142 55 165 97
person 0.258849 221 180 248 250
person 0.239343 291 43 310 71
person 0.214266 368 38 389 63
person 0.204839 331 38 353 68
person 0.193196 127 65 146 100
person 0.180813 188 53 204 86
person 0.177334 394 25 415 59
person 0.156827 34 68 50 108
person 0.132025 19 86 39 112
person 0.131922 275 32 290 72
person 0.125511 221 40 240 80
person 0.119779 113 48 131 97
person 0.119676 41 71 61 108
person 0.117226 0 82 16 115
person 0.11517 351 39 371 65
person 0.112513 381 26 397 59
person 0.11013 163 54 181 93
person 0.108337 152 15 171 56
person 0.0925926 217 7 238 48
person 0.0910049 42 89 65 110
person 0.0874396 238 14 256 60
person 0.084057 346 19 368 56
person 0.083927 285 5 307 42
person 0.0824732 192 9 216 66
person 0.0660006 332 22 350 59
person 0.0644028 17 71 38 109
person 0.0612793 174 3 195 44
person 0.0596039 90 63 114 104
person 0.057656 366 4 385 39
person 0.0573345 16 54 37 93
person 0.0570803 330 4 349 40
person 0.0544667 323 3 339 40
person 0.0543001 298 38 318 69
person 0.054171 307 6 323 40
person 0.0532692 303 18 321 56
person 0.0508438 269 22 285 66
person 0.0508278 47 35 67 76
