person 0.854309 116 141 240 416
person 0.828452 21 55 124 416
person 0.818208 206 114 258 233
person 0.291023 67 7 136 146
tvmonitor 0.264325 298 158 370 238
book 0.216484 289 0 323 13
book 0.175662 235 240 300 281
book 0.158171 289 11 322 39
sandwich 0.14309 329 372 363 416
book 0.137588 190 212 247 251
book 0.13623 321 0 357 13
tvmonitor 0.133802 268 136 332 216
book 0.124476 203 5 225 39
book 0.115095 185 5 205 38
book 0.0976759 273 235 307 253
cup 0.078171 97 198 120 259
book 0.077631 330 12 356 37
book 0.0674581 318 15 341 37
book 0.0604326 256 0 276 34
book 0.0600333 199 216 238 243
book 0.0586424 238 0 254 34
book 0.0573139 226 0 239 37
book 0.0547856 289 26 326 43
clock 0.0503588 18 0 36 24
