person 0.90944 161 220 226 313
person 0.898149 0 234 74 415
person 0.664751 42 213 95 325
person 0.606003 236 204 264 319
person 0.56496 38 237 130 414
cup 0.50831 207 334 226 358
person 0.506731 219 213 316 412
person 0.506595 305 227 383 416
dining_table 0.443685 111 329 237 413
chair 0.431606 20 367 129 415
bottle 0.231099 221 305 235 349
person 0.230433 277 191 327 330
person 0.226799 243 199 358 416
person 0.223143 0 207 15 290
cup 0.216633 189 335 203 382
bottle 0.209725 155 307 170 349
bowl 0.184525 202 352 238 376
cup 0.174938 126 321 142 358
bottle 0.159929 166 336 177 383
wine_glass 0.151127 171 298 190 331
frisbee 0.14808 370 401 416 416
bottle 0.140051 177 336 191 384
cup 0.135956 142 328 160 359
dining_table 0.134937 102 306 250 372
chair 0.117512 263 376 321 414
person 0.116522 0 213 18 344
chair 0.112922 19 359 71 414
bottle 0.104611 191 308 208 343
dining_table 0.101636 95 274 256 411
bowl 0.0763017 122 360 169 383
cup 0.0742336 176 358 192 386
cup 0.071457 209 305 226 349
bottle 0.0711589 140 298 159 328
bowl 0.0687542 107 320 129 337
bottle 0.0681401 144 308 162 348
book 0.0658397 267 386 294 416
person 0.0654175 237 213 305 321
cup 0.0642902 189 327 206 364
bottle 0.064285 219 300 236 332
bottle 0.0635228 160 322 172 363
cup 0.0633416 210 298 226 326
bottle 0.0602835 171 307 188 344
wine_glass 0.0551153 223 329 240 356
cup 0.0550414 189 358 202 387
person 0.0535458 0 206 13 252
bottle 0.0531156 174 329 190 364
suitcase 0.0501791 317 375 369 416
