wine_glass 0.880775 142 49 200 194
wine_glass 0.474431 33 37 71 172
wine_glass 0.432298 74 27 131 145
wine_glass 0.285573 88 36 146 171
dining_table 0.253413 50 40 416 381
wine_glass 0.212145 103 57 161 178
carrot 0.190816 291 253 330 284
bowl 0.167232 158 39 280 105
wine_glass 0.165435 33 111 53 185
wine_glass 0.154592 50 45 109 169
wine_glass 0.148225 58 105 99 165
bowl 0.140764 246 153 416 334
bowl 0.118903 5 179 176 349
wine_glass 0.117353 0 70 39 130
potted_plant 0.0864955 130 0 416 101
wine_glass 0.0840449 31 22 72 95
wine_glass 0.0829843 108 70 152 135
wine_glass 0.0707525 70 21 110 120
bowl 0.0623592 274 33 371 121
knife 0.0616715 140 283 214 393
carrot 0.060261 282 256 332 300
potted_plant 0.0573801 163 0 315 47
cup 0.0534922 1 111 38 198
sandwich 0.0501036 193 46 243 92
