train 0.971388 178 80 321 339
person 0.832426 28 191 81 413
person 0.784383 120 191 149 268
handbag 0.542018 48 314 87 409
person 0.481932 72 199 126 331
person 0.462875 153 163 173 223
person 0.447747 89 148 113 276
person 0.301625 112 194 136 267
person 0.263164 57 199 116 410
person 0.254969 272 147 295 179
person 0.172088 148 163 164 205
person 0.126053 146 161 166 231
person 0.106447 114 194 132 241
suitcase 0.0888777 112 234 134 267
person 0.0783549 234 153 260 181
person 0.0684216 138 199 154 232
person 0.0682661 75 213 105 289
person 0.0648407 222 154 239 185
person 0.0548505 131 196 150 233
person 0.0543375 71 269 126 405
