motorbike 0.558012 22 144 280 401
person 0.2446 270 17 318 157
bicycle 0.204745 220 183 321 234
banana 0.143935 318 161 363 212
bicycle 0.128465 190 148 297 193
motorbike 0.117784 50 161 169 378
motorbike 0.113257 116 172 289 378
banana 0.0887149 330 166 359 198
person 0.0845533 274 27 304 90
motorbike 0.0755566 77 140 205 345
bicycle 0.0740101 212 199 323 270
potted_plant 0.0685102 0 138 110 340
handbag 0.060227 329 326 368 374
bicycle 0.0560033 160 180 258 236
person 0.0556699 173 3 205 69
banana 0.0549583 327 184 356 215
banana 0.0514127 302 132 370 218
