person 0.92768 281 0 386 364
person 0.740227 157 133 257 399
cup 0.648212 139 311 155 345
person 0.533952 227 172 308 390
sofa 0.444938 337 207 415 416
sofa 0.43619 35 165 176 305
cup 0.371295 116 325 133 372
dining_table 0.239758 81 323 194 409
dining_table 0.174462 37 274 198 415
cup 0.140032 92 321 111 370
cup 0.132128 131 306 147 341
knife 0.113408 153 316 170 341
chair 0.101451 116 392 154 415
knife 0.0808208 154 327 172 352
cup 0.0781201 97 335 112 376
bottle 0.0748882 143 289 159 334
remote 0.0714421 185 215 201 248
bottle 0.0636388 166 233 202 298
sofa 0.0633884 363 209 416 345
sofa 0.0598271 0 190 101 367
cup 0.0550804 122 321 139 368
