laptop 0.896182 62 77 354 402
book 0.278318 48 26 65 59
book 0.235039 61 26 83 58
book 0.211708 0 261 69 329
person 0.154883 253 169 278 201
book 0.137695 355 294 416 415
book 0.125951 54 0 86 19
book 0.0991802 47 20 87 61
book 0.098259 367 208 415 226
tvmonitor 0.0976504 329 30 352 85
microwave 0.0910657 377 26 415 94
book 0.0908052 371 164 416 207
sink 0.062977 0 130 25 149
tvmonitor 0.0587228 228 1 333 84
bottle 0.0584063 334 116 348 164
book 0.0559139 371 188 413 213
person 0.0554967 246 173 261 202
