cup 0.0818962 408.646 75.9527 423.016 110.499 
laptop 0.0409706 45.1433 86.801 137.363 143.912 
laptop 0.749099 55.6208 89.9743 173.307 155.998 
laptop 0.98522 71.1565 91.7876 207.371 171.207 
laptop 0.361618 199.295 91.4516 345.974 166.502 
laptop 0.0414595 213.176 90.6712 357.684 169.119 
laptop 0.958197 341.114 89.6975 498.457 155.108 
laptop 0.0469315 71.3845 101.256 210.034 166.643 
laptop 0.124031 343.294 103.952 483.523 163.123 
keyboard 0.224535 71.426 119.788 204.504 157.376 
keyboard 0.0728054 204.725 119 338.097 154.12 
keyboard 0.245542 212.861 119.895 342.421 155.262 
keyboard 0.0520051 344.801 117.163 480.468 157.968 
laptop 0.317883 53.5562 92.9949 156.59 165.733 
laptop 0.999982 70.9915 92.8467 199.238 174.92 
laptop 0.999785 204.399 92.9087 347.516 175.234 
laptop 0.99962 337.47 92.5683 474.301 163.173 
keyboard 0.28673 59.706 101.309 183.294 161.112 
keyboard 0.999844 68.1069 107.76 215.886 159.047 
keyboard 0.999541 207.588 107.465 348.127 156.555 
keyboard 0.503739 346.011 104.92 492.823 162.458 
laptop 0.999493 69.1201 88.1949 206.726 193.091 
laptop 0.999997 208.737 87.6025 351.228 194.469 
laptop 0.153492 345.08 85.6405 486.576 192.039 
laptop 0.0384839 69.7772 98.1585 210.103 203.211 
laptop 0.0391349 342.865 100.229 492.381 197.086 
