vase 0.0268105 398.578 50.629 416 67.1284 
vase 0.0235036 400.993 51.2923 416 67.6654 
person 0.021148 257.158 29.4179 302.003 81.3669 
person 0.0442507 117.452 34.3425 162.636 87.8963 
person 0.0495881 255.099 34.4843 300.018 91.1902 
person 0.141857 257.844 34.2295 301.103 88.3894 
vase 0.0299293 395.478 34.6551 416 90.7217 
person 0.0186708 264.295 36.9442 330.915 106.893 
bed 0.0185742 206.076 78.5921 334.034 131.414 
bed 0.0337833 204.105 113.559 328.186 162.833 
bed 0.0523132 205.098 72.1169 382.17 205.695 
bed 0.0543242 273.154 75.0186 416 210.896 
