clock 0.0204293 403.701 29.9221 416 65.8781 
tvmonitor 0.0260069 36.7804 54.076 92.1104 72.726 
vase 0.0205588 66.5127 54.2525 83.7503 79.2626 
tvmonitor 0.980754 172.071 54.6125 232.753 76.8956 
tvmonitor 0.293748 179.047 55.019 224.716 75.7677 
tvmonitor 0.244051 315.556 52.3982 364.037 70.1989 
keyboard 0.0213633 171.366 74.3668 218.431 86.5964 
bowl 0.0231739 24.5295 91.5161 67.2051 107.247 
bowl 0.0237296 37.2638 84.0839 79.4818 96.5302 
chair 0.0209399 117.232 84.7969 160.344 99.6617 
book 0.0216483 169.811 87.4734 214.929 100.012 
book 0.0191545 182.87 84.9995 232.273 96.8282 
bowl 0.441551 22.5496 101.943 60.2526 119.225 
bowl 0.0490602 115.347 105.586 154.732 124.649 
bowl 0.0293607 166.295 101.453 213.531 117.989 
bowl 0.0184552 391.774 107.82 416 132.924 
bowl 0.0187054 38.0793 133.221 82.7161 144.425 
book 0.0267878 90.5093 132.983 151.052 144.53 
book 0.018591 220.435 133.253 279.256 143.946 
book 0.0208089 227.608 132.522 281.767 142.939 
book 0.0213134 364.165 133.035 416 143.286 
tvmonitor 0.0187529 402.188 30.1096 416 74.8737 
tvmonitor 0.0198502 402.939 37.4565 416 94.6003 
tvmonitor 0.38366 171.012 57.8387 236.863 84.8769 
tvmonitor 0.0341543 179.385 57.4995 248.087 85.3697 
potted_plant 0.0199857 389.166 108.526 416 149.362 
dining_table 0.0203954 30.951 120.987 96.3928 155.95 
bowl 0.0246974 33.7273 121.902 99.4381 155.67 
tvmonitor 0.0449227 171.498 43.8363 256.042 81.4729 
dining_table 0.0237876 37.4571 106.974 115.288 162.646 
