wine_glass 0.185861 395.947 10.8167 416 32.593 
bottle 0.0810007 394.437 105.235 416 135.28 
remote 0.0262643 117.152 116.979 153.5 142.109 
bottle 0.0393575 117.558 109.329 159.613 149.461 
bottle 0.0201632 255.256 109.534 294.413 149.511 
bottle 0.874064 394.596 108.433 416 149.372 
tvmonitor 0.0185338 82.9231 15.1179 194.874 44.8586 
tvmonitor 0.0283836 74.6215 56.9168 201.163 131.99 
tvmonitor 0.0386103 207.279 59.046 338.171 121.672 
tvmonitor 0.019246 343.901 58.9477 416 126.591 
tvmonitor 0.0395539 359.206 52.5116 416 131.992 
