person 0.265135 359 73 31 18 
person 0.0848453 372 70 36 19 
person 0.0559559 135 93 18 28 
person 0.195268 344 89 28 26 
person 0.0597608 405 92 19 35 
person 0.372157 263 97 23 29 
zebra 0.364779 86 90 72 33 
horse 0.0631489 219 89 57 36 
horse 0.921871 228 90 61 41 
bicycle 0.0552194 377 89 58 38 
zebra 0.08269 393 91 46 39 
horse 0.211365 89 91 78 38 
horse 0.994578 230 89 77 42 
zebra 0.0601879 373 87 81 40 
horse 0.645964 90 90 75 36 
horse 0.0613627 216 91 98 41 
horse 0.999732 230 91 81 38 
bicycle 0.119822 371 88 84 39 
