tie 0.0547747 105 55 19 24 
tie 0.340329 379 55 22 27 
tie 0.108181 249 68 19 51 
tie 0.0546997 387 68 19 48 
tie 0.768565 107 70 27 55 
tie 0.998468 249 68 25 56 
tie 0.087482 378 69 32 55 
tie 0.0978919 391 69 27 54 
handbag 0.147886 172 101 73 69 
handbag 0.0548722 179 103 84 68 
laptop 0.104861 312 99 78 70 
laptop 0.0753448 327 101 101 69 
chair 0.0620324 37 102 80 72 
laptop 0.251124 313 101 82 64 
laptop 0.996058 335 101 128 75 
person 0.109203 346 60 137 121 
person 0.124538 358 61 116 125 
person 0.999887 73 73 154 146 
person 0.0922132 105 77 185 146 
person 0.156992 209 72 161 150 
person 0.410714 229 71 153 147 
person 0.617713 343 71 145 152 
person 0.214768 357 71 120 140 
