person 0.98922 44 107 35 23 
person 0.992415 53 107 42 25 
person 0.810612 70 100 24 29 
person 0.486729 89 98 21 24 
person 0.442555 127 103 17 35 
person 0.999991 131 106 18 40 
person 0.987942 185 106 38 26 
person 0.0968891 230 98 21 22 
person 0.997433 269 104 17 38 
person 0.174694 272 105 14 38 
person 0.540278 317 108 28 22 
person 0.995554 327 107 41 25 
person 0.0955808 341 107 28 23 
person 0.395786 407 104 14 43 
person 0.0541313 55 114 40 19 
bicycle 0.0802177 169 118 34 14 
bicycle 0.206167 184 114 48 18 
person 0.0609252 327 114 44 16 
person 0.144219 52 107 54 32 
person 0.249126 187 106 48 33 
person 0.0775139 328 107 51 31 
