person 0.0187635 13.1906 26.0294 39.0415 60.359 
person 0.0191622 12.5898 37.6055 38.1795 99.8641 
person 0.0259994 58.9349 23.6192 177.44 72.0148 
chair 0.022141 70.164 21.38 190.822 65.5908 
umbrella 0.0206269 343.661 22.0515 416 61.331 
person 0.0260764 43.8948 40.9222 132.14 94.0457 
person 0.0266396 44.0534 54.5733 131.719 125.38 
person 0.0316756 57.597 24.6024 174.835 69.6835 
person 0.0205399 138.994 23.1168 298.666 69.0764 
umbrella 0.0197952 270.011 22.9845 412.166 71.3519 
umbrella 0.0343068 339.182 16.9593 416 51.912 
person 0.389208 48.0781 45.9762 147.285 117.801 
person 0.0255618 46.3596 76.2866 140.903 151.436 
teddy_bear 0.0234752 83.805 81.4735 207.291 155.793 
teddy_bear 0.0261337 101.705 81.215 186.467 151.468 
teddy_bear 0.0396904 76.7613 56.7278 244.135 161.134 
teddy_bear 0.0345237 108.488 56.9652 328.619 156.543 
person 0.0223476 141.866 55.178 414.694 156.569 
person 0.0197358 61.566 74.0891 194.808 214.1 
teddy_bear 0.0743075 76.378 71.8563 234.374 208.516 
teddy_bear 0.0840408 107.841 71.1909 314.166 214.072 
teddy_bear 0.0336378 141.076 71.9541 398.212 205.99 
person 0.0272592 212.451 69.5932 355.126 211.092 
