person 0.0837983 387 10 57 19 
person 0.0714992 243 21 79 48 
person 0.0547176 378 22 76 49 
tvmonitor 0.0896763 48 20 92 46 
person 0.131078 79 22 145 51 
person 0.098811 106 21 82 41 
person 0.0510255 140 19 157 42 
person 0.14458 241 24 86 45 
person 0.0627007 266 20 123 42 
person 0.0802414 376 22 77 44 
person 0.0756842 209 46 127 69 
person 0.0509472 370 41 90 78 
keyboard 0.270134 59 74 112 36 
keyboard 0.149753 71 73 133 41 
person 0.101251 74 49 159 104 
person 0.0612019 142 48 284 90 
person 0.0544782 210 50 177 100 
person 0.0903356 271 49 275 90 
