train 0.934677 11 143 407 322
traffic_light 0.661301 314 1 336 74
traffic_light 0.559519 203 0 223 43
traffic_light 0.285892 204 49 219 84
traffic_light 0.257148 377 82 399 101
traffic_light 0.201155 55 4 87 70
traffic_light 0.200763 378 52 401 71
traffic_light 0.195395 67 6 86 37
traffic_light 0.135961 202 0 225 81
traffic_light 0.106585 187 0 206 40
traffic_light 0.0966395 270 0 336 100
traffic_light 0.0876672 186 1 219 46
traffic_light 0.0733107 29 0 89 90
traffic_light 0.0646216 60 34 85 66
traffic_light 0.0595406 296 0 335 55
