cup 0.0198671 26.8521 59.7722 59.4234 76.9726 
spoon 0.0190113 77.9007 55.0213 101.482 81.1924 
bottle 0.0198823 216.888 54.6858 239.292 80.5853 
bowl 0.0184861 24.2233 70.3264 69.6702 92.0888 
cup 0.0385974 103.198 76.6848 138.421 91.7953 
knife 0.0260103 18.979 101.33 64.9414 123.245 
mouse 0.0199194 202.181 99.229 239.537 114.433 
vase 0.0328482 396.246 88.9563 416 129.942 
laptop 0.0296849 141.14 90.0688 228.739 129.651 
laptop 0.0387628 148.487 87.3779 248.018 134.123 
laptop 0.995792 145.929 87.6288 228.819 133.256 
book 0.0245706 277.283 101.238 382.191 139.031 
