person 0.0219033 130.405 72.2281 152.511 93.9083 
person 0.0188586 406.46 71.3807 416 95.81 
person 0.0252194 126.585 93.898 155.462 133.504 
person 0.0750938 129.255 91.1619 153.633 132.4 
person 0.0308255 266.244 93.6937 291.931 129.47 
person 0.026901 404.515 91.7246 416 133.938 
person 0.018973 128.819 98.1462 151.408 127.348 
person 0.020402 266.204 98.4459 290.075 125.341 
person 0.0323556 103.813 60.167 159.346 113.966 
person 0.0216954 121.228 72.3897 161.053 141.299 
person 0.361219 126.064 90.3438 156.589 135.641 
person 0.205169 128.868 90.1778 156.606 135.154 
person 0.0490106 265.807 89.2957 294.852 136.008 
person 0.490144 403.372 87.8308 416 141.554 
person 0.0208976 88.4844 60.1494 181.548 146.581 
person 0.031849 100.101 60.917 175.91 126.567 
person 0.0199 232.155 60.6051 318.51 148.372 
person 0.0207437 73.208 72.9799 169.195 163.295 
person 0.913052 90.3117 72.0108 174.811 156.254 
person 0.983666 99.7546 72.6077 175.598 151.13 
person 0.489073 232.569 72.0478 311.883 165.618 
person 0.0433062 242.813 72.1664 312.513 156.083 
person 0.0355892 374.435 71.4381 416 161.65 
person 0.036749 84.7272 58.8348 187.337 153.016 
person 0.996907 90.2583 72.7815 181.735 166.375 
person 0.680766 99.1176 75.5769 180.968 163.587 
person 0.0253646 219.878 69.1484 313.626 173.793 
person 0.998206 233.773 73.5297 315.297 165.01 
person 0.0190412 298.624 73.6472 380.015 148.623 
person 0.0726877 368.084 73.7149 416 169.965 
person 0.019999 230.31 70.548 369.71 200.745 
