pizza 0.0193629 73.0558 77.6011 195.337 114.493 
cat 0.0845823 214.987 77.7994 335.848 115.135 
dog 0.0185113 226.572 77.9085 327.482 113.993 
dog 0.018462 357.084 76.9437 416 115.387 
dog 0.0387134 215.18 81.6877 335.709 120.527 
dog 0.590376 73.8686 77.7342 207.557 118.486 
dog 0.524702 212.084 73.7594 340.047 121.364 
dog 0.0214065 227.917 79.2761 325.955 121.843 
dog 0.0215254 359.679 76.879 416 119.3 
bed 0.0906712 143.391 75.2804 416 192.729 
dog 0.0242178 202.637 79.1441 362.039 199.63 
bed 0.0191976 143.97 105.867 416 198.184 
bed 0.0274781 146.663 77.3181 416 283.468 
