person 0.100171 327 92 41 12 
person 0.0507973 298 108 48 42 
person 0.0808245 165 115 58 44 
person 0.212562 296 116 46 43 
motorbike 0.0776095 183 109 97 44 
motorbike 0.76736 45 116 92 51 
motorbike 0.977526 51 117 105 52 
motorbike 0.875196 185 116 102 48 
motorbike 0.100055 196 118 113 50 
motorbike 0.138972 317 116 94 47 
motorbike 0.824965 326 117 101 45 
motorbike 0.067633 340 120 99 42 
motorbike 0.0506501 53 131 111 34 
motorbike 0.999822 49 115 99 55 
motorbike 0.976973 184 113 89 48 
motorbike 0.563776 197 116 113 51 
person 0.29666 315 115 80 48 
motorbike 0.99999 327 115 99 47 
motorbike 0.0994119 55 132 115 43 
snowboard 0.486945 147 146 318 26 
motorbike 0.0847754 173 138 259 29 
motorbike 0.10616 207 140 262 28 
