car 0.021067 13.0874 74.1989 38.3429 90.8531 
car 0.975735 23.681 70.5097 65.3935 84.8247 
car 0.0237373 39.0308 73.212 97.4612 87.2668 
bench 0.0532828 57.1446 71.2194 97.1091 87.9867 
bench 0.0800667 72.1758 75.0751 98.3188 98.5203 
bench 0.0325528 86.7914 72.1409 122.521 92.8427 
bicycle 0.0949527 106.869 70.2366 141.888 92.1521 
chair 0.064628 116.564 70.2497 151.935 90.1803 
bench 0.0198428 156.191 70.3979 191.721 87.8185 
bench 0.0275078 167.889 71.6981 209.421 86.384 
bench 0.0246651 185.139 71.1516 248.674 87.5998 
person 0.0189852 248.635 71.3138 275.746 93.8267 
car 0.100879 299.302 70.8463 342.932 84.1856 
car 0.0491992 310.517 71.1867 361.513 83.8122 
bench 0.0191563 326.645 72.4085 374.912 88.7928 
person 0.0238832 344.299 74.6833 381.798 96.429 
bench 0.0233206 359.613 74.8927 397.608 93.731 
bench 0.0184523 377.072 72.1056 411.188 93.5743 
person 0.125885 391.106 70.0598 416 94.0948 
person 0.0201893 406.458 70.6449 416 93.1849 
bench 0.0196443 168.293 82.2282 203.759 101.989 
