backpack 0.0249259 245.19 55.1746 290.077 77.5011 
refrigerator 0.0235246 54.4693 87.4008 156.016 168.505 
cat 0.0300749 103.796 81.938 183.697 154.33 
snowboard 0.0207612 239.176 82.7687 315.252 152.196 
person 0.0194424 369.361 82.7327 416 156.848 
bed 0.0208144 240.885 107.627 325.965 163.827 
refrigerator 0.0207954 73.4195 57.5398 224.814 183.452 
refrigerator 0.0269368 57.3442 77.765 174.383 206.064 
refrigerator 0.0272629 68.4823 84.5356 210.659 194.218 
refrigerator 0.0191504 183.973 73.0452 351.529 207.789 
refrigerator 0.0216845 200.445 78.8138 351.853 200.53 
refrigerator 0.0334247 340.745 79.7164 416 205.571 
