person 0.0194507 181.131 22.847 201.052 52.1763 
frisbee 0.0207704 40.9607 51.8798 91.2205 72.432 
person 0.141657 308.232 71.4092 331.972 99.2599 
person 0.16254 251.877 131.91 285.638 148.23 
person 0.0236551 247.233 59.0079 294.942 117.205 
person 0.02976 318.04 59.6574 365.707 104.46 
person 0.0243096 250.069 69.0085 301.973 113.302 
person 0.0207312 246.905 56.8454 306.598 149.873 
person 0.031603 243.309 53.4367 308.464 153.204 
person 0.0263987 331.967 53.6462 414.558 140.204 
person 0.0188954 105.957 77.4882 165.618 209.543 
person 0.0819557 242.833 74.1756 304.063 189.935 
