tennis_racket 0.134492 122 29 30 26 
tennis_racket 0.106994 261 28 25 28 
person 0.0579025 92 55 96 100 
person 0.0680072 98 69 92 97 
person 0.0791402 371 70 91 107 
bird 0.160885 90 56 93 103 
person 0.0785661 98 58 86 106 
person 0.0643573 232 59 98 103 
person 0.0960367 367 58 92 105 
person 0.103376 98 71 93 101 
person 0.200481 231 68 96 103 
person 0.209218 368 69 93 109 
person 0.0576948 234 59 120 111 
person 0.0826467 100 71 116 137 
person 0.150486 230 71 110 136 
person 0.301752 365 75 95 146 
person 0.076734 368 144 103 257 
