person 0.0556137 108 46 31 24 
person 0.0906033 121 58 30 34 
person 0.17668 129 60 21 29 
tie 0.063149 186 100 30 21 
pizza 0.126771 108 134 52 15 
person 0.999906 109 57 41 46 
person 0.997651 116 59 48 44 
person 0.996534 251 57 45 45 
person 0.996928 391 58 46 49 
person 0.534032 85 72 54 48 
person 0.881963 122 66 39 54 
person 0.0703795 128 69 31 46 
person 0.074915 227 69 56 44 
person 0.33049 361 70 54 45 
person 0.0516212 394 66 42 58 
person 0.41652 88 76 69 57 
person 0.055374 230 73 70 54 
person 0.108718 363 75 70 56 
person 0.119925 55 91 111 82 
person 0.995113 86 86 67 68 
person 0.0983062 182 90 110 75 
person 0.176464 197 91 117 82 
person 0.756956 221 89 67 80 
person 0.998073 227 89 66 78 
person 0.0735632 315 92 121 77 
person 0.288595 327 91 134 77 
person 0.539467 362 86 66 74 
person 0.255139 44 101 92 87 
person 0.45451 53 101 103 88 
person 0.0527251 183 101 114 79 
person 0.0795613 326 102 122 71 
person 0.760257 51 94 106 83 
person 0.999953 85 84 70 69 
person 0.16328 102 75 70 73 
person 0.991899 178 93 91 80 
person 0.995033 218 92 73 81 
person 0.999868 231 87 63 82 
person 0.580365 311 92 95 78 
person 0.733289 332 91 116 84 
person 0.99935 367 82 61 79 
person 0.999972 45 99 94 95 
person 0.457497 176 100 105 84 
person 0.119237 213 99 89 82 
person 0.154652 232 99 73 79 
person 0.226822 308 98 90 77 
person 0.0622495 54 99 113 102 
person 0.144294 147 98 223 91 
person 0.153098 177 98 201 95 
person 0.0552912 331 98 149 100 
