bottle 0.492497 13 105 23 32 
bottle 0.912789 17 109 23 28 
bottle 0.181819 156 108 30 28 
bottle 0.453837 293 108 29 33 
bottle 0.0563683 157 92 43 51 
bottle 0.358089 296 92 43 51 
bottle 0.159548 155 101 36 44 
bottle 0.927747 295 100 34 48 
suitcase 0.112776 73 61 137 40 
suitcase 0.306297 72 66 135 39 
suitcase 0.0662232 83 67 128 40 
suitcase 0.152665 214 67 122 36 
suitcase 0.992065 74 58 131 37 
suitcase 0.101979 210 60 137 38 
suitcase 0.957888 74 69 129 47 
suitcase 0.568721 211 68 127 45 
suitcase 0.155452 214 114 112 31 
