skateboard 0.0590151 394.905 77.205 416 98.8059 
person 0.021051 117.884 26.718 162.02 77.0017 
person 0.569497 393.329 24.7028 416 76.5189 
person 0.153012 109.189 41.4405 167.108 93.8617 
person 0.0332693 116.667 39.116 165.473 86.7292 
person 0.0416986 249.985 45.2684 309.241 92.6395 
person 0.330523 391.363 43.6135 416 99.4119 
person 0.0218057 109.058 51.3608 169.71 100.751 
skateboard 0.0445399 249.203 50.9003 310.189 99.8134 
person 0.0813234 390.35 53.4505 416 111.584 
skateboard 0.0216867 391 71.5975 416 105.406 
person 0.0191997 71.8104 27.4953 229.479 86.6008 
person 0.021692 103.84 28.9899 210.583 88.701 
person 0.0207467 138.659 25.2061 285.448 74.3004 
person 0.0199776 358.94 26.2553 416 85.1165 
person 0.0326608 377.168 28.1713 416 92.4498 
person 0.0252881 386.655 28.3965 416 93.0298 
person 0.0541372 106.292 39.5769 180.839 105.412 
person 0.0210399 115.436 39.0988 202.075 104.83 
person 0.0307195 247.273 43.5781 316.442 101.541 
person 0.027171 379.994 39.7205 416 105.605 
person 0.0622616 386.23 41.3902 416 119.757 
person 0.0272846 108.398 52.876 174.02 122.948 
skateboard 0.142958 247.583 52.7533 310.814 116.054 
person 0.0353548 386.081 53.5815 416 137.615 
skateboard 0.0205754 312.54 70.4831 416 116.765 
skateboard 0.0187508 328.232 70.4941 416 117.063 
person 0.0467645 76.5413 27.4798 209.812 78.9905 
person 0.0216246 141.807 23.4538 355.93 66.8202 
person 0.0219252 332.881 24.3433 416 73.7885 
person 0.0308585 372.827 27.8462 416 86.7555 
person 0.0185152 387.222 29.1144 416 101.799 
person 0.0796475 80.7166 37.3959 214.102 106.899 
person 0.421609 110.335 41.5058 173.283 120.125 
person 0.0203414 135.382 39.1653 285.878 109.216 
person 0.0244171 207.288 45.6742 406.334 106.605 
skateboard 0.201644 250.852 50.841 319.408 114.783 
person 0.0255071 260.501 44.3811 339.52 113.408 
person 0.0186166 306.126 44.2875 416 103.64 
person 0.0233726 334.618 39.5311 416 97.6942 
person 0.322183 381.164 40.899 416 118.717 
person 0.412081 386.691 45.4558 416 129.447 
skateboard 0.0722497 308.832 75.4345 416 123.31 
skateboard 0.133387 332.945 79.0704 416 127.788 
person 0.021825 177.468 44.8103 416 135.209 
