tvmonitor 0.0217106 6.98197 52.0418 20.2449 91.4038 
remote 0.0196804 116.148 68.4994 159.561 86.736 
book 0.0308741 169.319 88.8491 191.844 115.655 
book 0.027219 181.361 89.0092 209.272 118.977 
cup 0.0310821 249.263 114.497 280.882 140.679 
cup 0.0440618 268.814 119.092 292.461 147.947 
cup 0.0223866 407.414 118.181 416 155.004 
vase 0.0184182 216.863 103.835 269.169 140.727 
person 0.0270053 77.4234 85.6019 188.299 139.975 
bed 0.020552 76.6154 106.319 199.54 164.023 
dining_table 0.0185331 146.923 112.722 401.808 164.275 
bed 0.0201497 338.382 110.011 416 162.785 
bed 0.0205286 341.792 79.2285 416 196.045 
bed 0.0211368 148.449 103.594 416 182.726 
