tie 0.0214472 200.405 71.0595 305.508 175.316 
tie 0.0244099 178.075 44.3063 256.972 120.852 
tie 0.0236654 110.75 79.5547 184.111 155.343 
tie 0.0196405 143.499 82.4192 234.611 172.486 
tie 0.046452 178.165 78.119 270.07 184.841 
tie 0.0229729 209.016 73.6242 324.934 173.155 
person 0.0514203 68.7505 77.0684 206.34 207.624 
tie 0.121479 145.894 80.6045 377.258 214.808 
tie 0.0267911 208.912 76.3193 340.831 206.294 
chair 0.0181888 276.013 78.4575 416 205.214 
person 0.0211703 145.566 76.905 416 274.694 
