umbrella 0.0270017 271.318 19.0425 416 63.4945 
person 0.0213613 301.693 53.4148 401.606 92.754 
person 0.0230525 341.675 53.4817 416 103.399 
bed 0.0188429 143.597 46.8671 416 132.103 
bed 0.992622 143.097 83.602 416 189.868 
bed 0.0216962 142.369 101.067 416 192.899 
person 0.0222075 242.478 49.1156 416 250.66 
bed 0.031051 148.786 79.0016 416 240.968 
bed 0.0367288 177.432 79.3497 416 259.319 
bed 0.0198338 207.771 80.6328 416 255.983 
bed 0.0226149 242.19 79.0309 416 260 
dining_table 0.0195913 176.137 175.399 416 416 
dining_table 0.0204522 240.016 174.999 416 416 
