remote 0.0376848 59.7952 69.6919 100.745 80.3924 
remote 0.0730061 200.911 67.7665 240.07 79.4863 
book 0.048435 116.658 104.02 155.937 126.513 
book 0.0444696 214.101 107.275 265.18 130.544 
book 0.0212579 84.9226 117.387 141.459 133.305 
book 0.0191957 119.252 115.34 158.516 128.332 
book 0.0317563 215.712 115.051 264.763 130.182 
book 0.0256479 212.73 106.949 265.596 137.349 
book 0.0213186 60.1673 106.379 165.969 159.048 
book 0.354782 73.0394 106.498 200.831 161.406 
book 0.19151 83.0762 108.417 207.345 157.085 
book 0.0259259 202.592 107.782 317.002 157.805 
book 0.0408571 213.231 108.368 337.173 158.889 
book 0.0196619 355.588 106.825 416 158.42 
book 0.0243092 73.1122 113.813 192.869 164.29 
book 0.0362016 84.6905 114.586 196.568 160.615 
tvmonitor 0.0217896 75.206 23.577 199.759 64.2649 
tvmonitor 0.0193956 75.5954 40.3714 199.152 84.7661 
tvmonitor 0.0218194 345.144 42.6981 416 97.8935 
book 0.997571 75.5108 107.232 204.181 165.309 
book 0.0515709 210.112 107.116 342.889 160.523 
book 0.0226826 348.504 103.932 416 161.974 
book 0.0205387 355.621 108.526 416 158.849 
tvmonitor 0.0425221 347.324 78.6426 416 207.5 
