cake 0.0190312 231.895 8.48437 325.395 24.6542 
cake 0.0206527 246.673 19.3145 314.821 42.8232 
cake 0.0202399 235.67 14.0225 326.652 41.2136 
person 0.0205926 59.4523 25.9509 187.878 81.9346 
person 0.0353419 70.899 24.7852 224.271 77.2925 
person 0.0231991 70.6564 36.1164 206.892 96.2575 
person 0.0220209 56.2062 22.5874 168.781 63.3051 
person 0.218951 77.168 18.7159 215.079 56.5436 
person 0.0356208 112.858 15.7767 249.575 48.5021 
person 0.0397142 137.357 14.9063 359.765 47.8023 
person 0.0191056 179.901 15.7346 345.059 52.1247 
cake 0.76593 240.374 15.3432 343.847 47.656 
cake 0.0820208 271.444 16.2385 416 53.0305 
person 0.0214987 303.11 19.7158 416 61.2882 
person 0.0223446 342.515 25.6014 416 74.1347 
person 0.0245194 58.4539 38.5912 186.166 105.779 
person 0.264137 71.9801 38.8533 213.332 104.802 
book 0.0764167 205.541 41.0202 347.097 113.08 
book 0.0187558 208.399 110.492 347.482 163.946 
banana 0.0219929 358.963 112.653 416 166.199 
person 0.0296946 72.4464 71.3944 224.983 206.394 
dining_table 0.0222968 148.335 77.9377 416 205.458 
dining_table 0.0237684 173.627 74.4664 416 285.119 
dining_table 0.0229994 207.34 75.2117 416 281.711 
