person 0.0195655 313.776 7.11503 364.517 23.5892 
person 0.0342927 328.871 6.28668 375.046 20.2899 
person 0.0255145 342.757 5.54435 405.375 18.097 
person 0.0195743 143.771 19.5676 267.391 64.8185 
person 0.0213695 173.447 17.5503 294.348 54.7796 
chair 0.0262856 370.177 79.2222 416 173.737 
person 0.288075 82.6208 61.1836 243.866 185.105 
person 0.0243175 104.674 59.4676 306.127 183.889 
person 0.0242265 142.088 58.5407 416 167.329 
person 0.0228894 236.312 60.2125 416 181.003 
person 0.0623467 268.008 60.4227 416 176.481 
person 0.0311816 302.914 60.5907 416 185.23 
person 0.544631 344.663 61.4303 416 195.465 
person 0.998312 80.9039 73.0993 243.631 216.92 
person 0.165011 102.62 72.0558 301.457 216.008 
person 0.113424 143.695 71.8111 395.209 205.184 
person 0.054057 181.696 71.5475 389.921 212.938 
person 0.959114 213.594 71.6029 387.77 213.636 
person 0.816216 232.065 71.5088 416 215.482 
person 0.996984 269.224 71.3549 416 209.76 
person 0.142 303.298 71.0798 416 211.262 
person 0.996621 344.883 69.7119 416 217.395 
person 0.100502 354.745 71.7449 416 220.395 
person 0.192463 174.401 74.6207 416 234.963 
person 0.0320628 207.259 73.6454 416 231.023 
person 0.0364547 238.435 74.2903 416 223.078 
