cat 0.0261305 74.2269 55.1596 209.79 133.024 
cat 0.0198683 356.437 54.6615 416 143.064 
cat 0.018515 73.3497 69.0512 220.061 153.472 
cat 0.11726 77.1906 55.3173 210.838 141.672 
cat 0.018973 210.87 48.591 345.112 130.165 
cat 0.0218395 346.675 50.3009 416 134.721 
cat 0.287807 361.848 47.151 416 125.59 
cat 0.0195739 74.2551 71.9763 211.366 144.488 
cat 0.0192363 61.5913 56.8374 206.489 172.404 
cat 0.967258 70.6951 57.9376 218.651 168.822 
cat 0.0247074 148.793 55.6155 416 156.882 
dog 0.0324342 206.05 55.896 370.462 154.24 
cat 0.0323427 344.922 57.6768 416 162.169 
cat 0.0234505 61.705 70.859 200.55 198.122 
cat 0.404822 71.1319 69.0451 219.266 195.489 
cat 0.0189135 109.039 71.0835 321.693 190.592 
cat 0.754387 146.049 70.9112 416 202.529 
cat 0.0190429 206.341 68.9496 375.061 199.957 
cat 0.019289 274.15 72.6884 416 198.48 
cat 0.0375157 346.514 70.0332 416 204.175 
cat 0.0269684 353.98 71.0238 416 203.053 
cat 0.0244669 147.813 75.8896 416 262.447 
cat 0.0262666 173.582 76.8426 416 270.955 
bed 0.0210729 241.552 76.3394 416 284.17 
bed 0.0187771 240.725 139.976 416 416 
