bicycle 0.0536292 343.106 58.36 403.88 96.6073 
bicycle 0.0247601 327.728 74.0425 366.555 122.513 
bicycle 0.034618 342.66 73.5075 397.678 124.195 
bicycle 0.0204182 357.943 37.4638 416 99.0838 
bicycle 0.0187941 203.171 57.8144 285.451 139.745 
bicycle 0.0218725 344.43 59.1926 416 130.629 
bicycle 0.0187788 202.852 71.8838 279.481 137.087 
bicycle 0.0243401 343.653 72.0514 416 134.014 
handbag 0.0197323 72.0456 52.0119 158.669 140.856 
bicycle 0.0841044 211.031 55.6707 294.075 147.443 
bicycle 0.0227603 345.191 51.339 416 140.151 
bicycle 0.0346157 359.655 44.2824 416 123.385 
chair 0.0302464 208.193 70.4981 287.443 149.708 
bicycle 0.0195794 339.698 75.5531 414.785 148.282 
chair 0.0194223 200.179 108.591 288.659 174.247 
