cat 0.0238708 75.3644 29.3808 201.498 81.7954 
cat 0.0205935 349.316 29.7769 416 79.2127 
cat 0.0284661 355.62 29.7505 416 78.4003 
cat 0.0349688 74.9451 36.0966 195.082 87.926 
dog 0.0212241 217.08 34.5392 335.673 79.6869 
cat 0.0288898 349.634 34.5133 416 77.0855 
cat 0.0565037 356.344 34.7756 416 79.0763 
cat 0.026609 357.029 28.5739 416 74.1672 
cat 0.241531 74.7604 36.6627 203.91 87.1664 
dog 0.0346235 216.559 35.6692 345.954 79.2418 
cat 0.0290221 348.293 35.9947 416 83.5547 
cat 0.177562 356.814 36.3051 416 82.7351 
person 0.0187575 344.112 59.8394 416 184.254 
dog 0.0215555 71.4129 74.2847 214.595 206.153 
bed 0.0480498 144.352 70.3499 416 203.565 
person 0.040638 211.272 73.0825 358.46 205.383 
person 0.020757 270.645 70.9595 416 204.402 
person 0.0653881 345.277 73.4944 416 205.181 
bed 0.0187964 207.361 46.6954 416 274.489 
bed 0.0203568 173.909 72.8722 416 254.721 
