person 0.0210933 390.821 68.0952 416 90.1187 
person 0.0265124 331.141 93.4209 361.505 108.397 
cat 0.0270313 107.907 71.9368 169.066 107.027 
dog 0.0264536 247.68 70.0525 303.934 101.826 
horse 0.0479686 346.839 107.406 416 168.002 
horse 0.0247408 355.707 105.752 416 172.037 
dog 0.0243342 80.7346 87.7607 192.834 167.117 
dog 0.0201621 111.711 81.3835 200.506 148.069 
bed 0.0472029 74.088 104.965 207.955 170.788 
bed 0.0185575 140.424 113.368 332.637 163.14 
dog 0.0661322 208.648 103.272 334.216 171.384 
horse 0.189434 345.852 108.027 416 169.832 
horse 0.0433257 358.933 104.978 416 172.45 
bed 0.0209929 73.8359 87.5749 228.737 200.421 
bed 0.0202385 115.905 86.3618 325.521 199.685 
bed 0.0590847 141.834 87.3502 398.691 200.619 
bed 0.0251562 141.155 99.6248 416 197.551 
