truck 0.111027 116 75 46 19 
truck 0.0512475 253 75 47 22 
truck 0.231741 390 75 50 21 
person 0.501731 24 85 24 17 
car 0.147781 44 86 25 14 
car 0.584627 102 84 35 24 
car 0.737491 123 93 32 25 
person 0.0603859 157 83 22 19 
person 0.126126 167 84 29 17 
car 0.0694772 182 84 28 14 
car 0.0662816 249 89 37 26 
person 0.104373 262 93 31 24 
car 0.0843984 380 85 28 20 
car 0.144405 396 90 36 29 
car 0.0519838 402 94 30 26 
truck 0.135355 390 78 50 34 
truck 0.484826 252 83 54 36 
truck 0.106685 258 84 47 40 
truck 0.952298 392 85 47 37 
truck 0.178772 104 83 85 40 
