cat 0.0247593 72.5351 73.1412 160.347 174.504 
cat 0.0220957 85.0658 72.8568 187.581 177.595 
cat 0.0233623 203.503 71.1318 289.346 155.29 
cat 0.0256001 214.718 71.78 309.483 158.832 
cat 0.0192077 343.82 71.8151 416 154.757 
cat 0.0185698 73.8887 85.1526 170.543 158.929 
cat 0.0222997 84.7418 86.5629 188.683 161.982 
cat 0.0184807 78.0623 56.4413 197.396 158.396 
cat 0.354444 80.2149 78.5193 194.986 165.558 
cat 0.0211648 99.6628 77.0553 181.646 179.641 
cat 0.117038 215.267 75.4498 313.483 157.43 
cat 0.042268 229.022 77.1547 317.451 172.898 
cat 0.0238254 368.158 74.1526 416 178.894 
cat 0.347773 76.9378 61.8184 219.796 187.123 
cat 0.0314248 210.06 61.1219 368.279 183.627 
cat 0.0302779 343.613 61.2325 416 194.574 
cat 0.0227128 354.253 61.6784 416 190.661 
cat 0.715612 76.108 67.497 216.299 206.674 
cat 0.0347424 144.659 71.4526 378.831 216.558 
cat 0.129689 209.502 69.6265 362.22 208.987 
cat 0.159956 272.839 73.7956 416 227.824 
cat 0.0224443 307.175 70.4949 416 216.978 
cat 0.188727 343.562 71.2966 416 227.477 
cat 0.165431 354.471 70.2906 416 219.635 
