person 0.0186465 407.014 42.9016 416 113.03 
person 0.0207172 396.561 55.3418 416 149.091 
person 0.0234312 407.076 56.4296 416 142.764 
person 0.0317709 393.694 76.0983 416 126.872 
person 0.0735374 391.496 83.1861 416 123.686 
person 0.0211625 248.586 44.5314 348.413 142.252 
person 0.0195354 230.515 55.9149 344.705 153.785 
person 0.0438375 248.291 53.96 327.536 153.77 
person 0.0235846 329.553 82.0711 416 118.696 
person 0.225638 241.796 53.3592 320.884 157.34 
person 0.0349326 262.444 48.2621 386.389 148.805 
backpack 0.0320772 56.6004 77.0732 164.961 115.485 
person 0.0489189 71.0488 81.0281 200.904 118.982 
person 0.0694703 337.649 77.4656 416 121.623 
person 0.0418034 72.7848 48.9808 223.852 148.381 
person 0.0697362 144.485 48.5938 416 144.833 
person 0.0755758 210.86 49.4 390.247 146.555 
person 0.0213324 236.504 49.5351 404.224 154.296 
person 0.174692 270.454 48.3997 416 151.557 
person 0.0224187 342.536 49.5348 416 152.57 
