horse 0.993563 24.7622 72.972 62.63 92.0183 
cow 0.374903 37.2305 73.51 89.4993 90.5404 
cow 0.0395128 56.8582 74.0611 101.789 88.2328 
cow 0.0552714 74.6614 75.7423 134.857 90.6607 
cow 0.153888 86.2863 75.4895 135.347 91.467 
cow 0.055174 104.625 75.2232 142.24 91.9075 
cow 0.564212 123.733 73.6098 154.964 90.856 
cow 0.0311107 153.926 74.4329 176.594 90.0087 
cow 0.0565056 170.521 73.3854 215.398 88.6435 
cow 0.0502032 182.039 73.2032 236.959 87.3274 
car 0.0333117 220.466 74.5649 257.657 90.1618 
car 0.102454 228.621 74.524 275.011 89.6567 
