bird 0.0205653 358.702 56.8495 416 107.151 
bird 0.0198146 357.783 73.2271 416 146.555 
tie 0.0189764 75.1091 88.1112 191.416 175.152 
bird 0.0376518 361.512 44.4698 416 113.591 
tie 0.0341771 82.8474 87.7298 199.957 171.919 
bird 0.0230378 362.217 86.0616 416 171.147 
person 0.0217511 273.251 57.151 416 170.658 
cat 0.0305955 72.5769 81.3525 214.641 199.129 
cat 0.77652 149.565 73.9951 416 209.214 
person 0.0233944 205.816 72.596 356.595 216.892 
cat 0.165933 273.427 75.0906 416 212.451 
cat 0.0299167 302.254 75.4305 416 210.159 
cat 0.0192787 147.676 76.873 416 262.798 
