person 0.0339246 120.252 108.108 161.336 124.497 
person 0.0319647 259.278 108.386 303.495 125.766 
person 0.0192727 248.562 87.0975 304.325 122.23 
person 0.0352726 229.894 90.2079 327.663 137.046 
person 0.0284139 90.2938 103.406 190.356 173.577 
person 0.020813 98.8978 104.76 183.739 170.155 
person 0.0205078 220.762 102.549 307.788 170.284 
person 0.0332677 231.222 102.412 327.408 172.051 
person 0.0242192 88.686 88.4175 179.766 164.723 
person 0.0538241 229.937 89.4957 318.951 161.906 
person 0.0375626 90.7819 103.066 181.934 172.698 
person 0.023778 99.6716 110.508 186.144 165.303 
person 0.0264025 221.09 105.057 308.359 161.271 
person 0.0341516 229.481 107.949 327.502 163.277 
car 0.0233231 175.741 74.4505 416 267.148 
