car 0.0194785 9.43612 54.386 28.3904 74.1157 
car 0.0220906 36.2196 57.3748 110.747 78.2621 
car 0.0193906 100.788 69.7028 124.561 93.0369 
car 0.0374657 37.8268 65.175 116.303 94.5539 
dog 0.0205278 117.433 104.885 169.357 151.758 
person 0.019766 218.632 107.351 278.049 145.812 
dog 0.0252217 250.836 104.347 312.282 148.352 
dog 0.221453 260.127 105.026 298.074 153.805 
person 0.0207708 394.343 103.658 416 148.439 
car 0.191056 42.2576 63.0938 128.518 94.782 
car 0.0240779 53.0237 62.9559 161.039 95.5705 
car 0.0415785 180.12 62.6193 267.361 100.575 
car 0.0421003 317.928 63.0654 407.533 93.7866 
car 0.024747 324.72 62.7727 416 96.2417 
car 0.998631 42.4165 65.0314 126.596 95.7904 
car 0.531808 54.2966 65.5385 165.716 97.1576 
car 0.0515722 68.231 66.3927 180.118 98.9534 
car 0.133098 180.751 65.4598 268.314 100.16 
car 0.0233353 197.057 66.465 347.261 100.295 
car 0.571856 317.866 65.3576 404.424 96.6836 
car 0.479073 325.428 65.8423 416 97.3038 
car 0.179929 340.778 66.8989 416 100.958 
dog 0.999436 94.0876 106.339 188.081 150.522 
dog 0.99999 99.4878 106.049 187.048 153.126 
dog 0.184224 235.973 105.727 330.008 149.018 
dog 0.162401 241.729 104.49 326.635 151.71 
car 0.0411674 373.444 104.342 416 149.963 
car 0.490502 45.8628 63.5242 139.92 93.0603 
bus 0.0916196 180.081 62.2987 272.107 100.401 
car 0.0679694 329.675 63.2295 416 98.3747 
car 0.999999 47.6367 66.4547 145.378 104.039 
bus 0.184572 179.954 66.5395 267.261 107.133 
car 0.0229133 206.429 69.2235 328.594 108.949 
car 0.0802169 317 69.2775 408.884 110.492 
car 0.992337 326.473 65.4906 416 103.316 
car 0.0416621 368.137 84.1337 416 157.527 
dog 0.999841 93.7202 110.419 186.157 157.405 
dog 0.999969 99.2423 107.997 188.896 155.268 
horse 0.998615 234.145 107 319.249 155.635 
bench 0.039087 303.818 108.652 416 150.597 
dog 0.0682849 371.932 107.404 416 152.377 
