person 0.0224126 23.5332 23.5222 53.4643 55.1465 
person 0.0219773 87.8792 55.9026 113.292 80.6052 
person 0.031977 27.6306 22.7229 69.4157 67.7839 
person 0.0215397 87.3191 56.8576 118.826 115.654 
person 0.0252932 85.2215 72.7462 117.019 121.15 
keyboard 0.0255469 109.594 115.391 346.9 157.757 
keyboard 0.0212151 240.08 114.468 416 145.18 
sink 0.0222426 342.985 119.245 416 144.216 
laptop 0.025685 114.465 54.728 330.387 171.936 
laptop 0.380238 116.164 74.9799 354.379 198.367 
laptop 0.0294614 138.462 75.0135 398.879 197.462 
