book 0.47128 54 75 26 26 
book 0.769705 71 76 31 24 
book 0.678803 85 76 28 24 
book 0.747212 103 75 22 30 
book 0.248511 119 73 26 29 
book 0.353497 186 74 21 25 
book 0.985808 198 75 26 24 
book 0.823803 214 75 28 24 
book 0.373318 233 75 31 25 
book 0.442088 244 74 21 27 
book 0.0575054 262 74 25 29 
book 0.126012 329 75 22 27 
book 0.33696 341 75 24 25 
book 0.409546 358 76 28 23 
book 0.0560082 377 73 27 26 
book 0.225123 75 85 54 17 
book 0.159895 213 92 65 14 
book 0.414724 216 99 73 15 
book 0.0627175 358 100 74 17 
oven 0.0769042 22 118 46 44 
bottle 0.0692984 291 117 35 42 
book 0.0631739 216 78 115 35 
book 0.0584711 359 79 112 38 
book 0.674904 85 116 121 33 
book 0.16937 216 110 143 34 
book 0.149318 228 115 108 33 
book 0.149275 357 113 118 32 
