remote 0.0193602 388.126 118.456 416 135.382 
vase 0.0315677 377.162 44.3206 416 108.785 
vase 0.0691696 376.792 56.2954 416 134.425 
teddy_bear 0.0215471 41.5429 70.7222 125.348 166.067 
vase 0.304073 378.006 74.7542 416 174.313 
vase 0.0251678 385.225 73.5875 416 176.891 
teddy_bear 0.0600003 42.6349 91.9247 132.094 151.224 
teddy_bear 0.121187 43.5056 102.901 133.626 168.55 
umbrella 0.0234963 181.296 46.3147 267.7 123.289 
vase 0.475021 376.466 55.1228 416 143.519 
teddy_bear 0.439434 39.2048 88.4027 121.762 175.864 
tie 0.0387173 101.813 76.9914 189.036 173.696 
person 0.0276281 238.263 82.6931 319.079 176.354 
vase 0.933671 376.802 75.0681 416 179.075 
vase 0.0227557 385.447 75.8659 416 174.021 
teddy_bear 0.19363 41.1201 101.728 123.878 170.274 
teddy_bear 0.0234137 46.9301 74.1364 145.991 216.567 
tie 0.0360056 112.733 74.611 293.521 209.291 
skateboard 0.0325282 142.382 74.8847 345.981 204.135 
person 0.0350202 208.913 75.9166 358.915 205.244 
person 0.0200349 232.81 78.7256 400.384 211.363 
person 0.0209289 271.607 79.1829 416 211.734 
vase 0.0201916 342.583 71.7791 416 215.52 
vase 0.0212105 358.615 73.9213 416 206.147 
