tvmonitor 0.229666 106 24 63 43 
tvmonitor 0.900005 244 24 64 42 
tvmonitor 0.0734347 104 25 68 45 
tvmonitor 0.0764444 244 25 69 44 
person 0.99295 59 90 103 98 
person 0.998475 68 90 117 98 
person 0.999209 200 89 103 95 
person 0.390898 211 88 115 95 
person 0.935792 332 89 101 97 
person 0.977715 341 90 114 96 
person 0.452194 202 103 110 83 
person 0.050872 340 101 112 88 
tvmonitor 0.175855 108 21 78 37 
tvmonitor 0.100858 248 25 77 44 
person 0.996278 59 90 108 101 
person 0.978097 70 90 113 96 
person 0.999915 202 91 116 95 
person 0.999972 334 90 109 97 
refrigerator 0.0527203 390 84 54 81 
person 0.786602 203 100 121 84 
person 0.0570858 339 100 120 83 
person 0.578368 59 89 112 113 
person 0.609245 72 91 142 106 
person 0.658916 203 92 136 99 
person 0.998899 343 90 130 103 
person 0.0583982 60 97 117 113 
person 0.334153 71 97 132 102 
person 0.775034 203 97 132 100 
person 0.955252 341 97 125 106 
