vase 0.0383476 386.854 107.844 416 157.419 
refrigerator 0.0632713 43.2125 82.5317 132.775 186.514 
cat 0.0217267 108.804 88.52 170.366 179.595 
refrigerator 0.0335213 180.381 82.9767 267.759 189.701 
potted_plant 0.0189011 386.631 85.1672 416 183.246 
cat 0.0235661 108.268 102.055 169.073 165.268 
potted_plant 0.0203102 386.356 101.579 416 176.51 
refrigerator 0.0394193 50.7569 70.515 147.847 216.681 
laptop 0.0741106 182.162 70.2269 310.463 212.538 
laptop 0.0227099 201.608 69.949 351.198 219.513 
laptop 0.0238482 277.897 71.0274 416 218.421 
