dog 0.0250692 73.0957 57.2158 196.461 116.113 
dog 0.0727029 87.5094 58.1675 194.032 115.173 
cat 0.0210505 98.4036 57.7471 212.81 116.539 
dog 0.0185681 86.5018 68.9129 199.987 129.801 
laptop 0.0206688 167.924 107.599 344.716 148.259 
dog 0.509254 81.3645 53.5537 204.52 119.766 
dog 0.0192782 104.268 55.5567 232.034 118.096 
person 0.0223543 210.75 54.1315 340.29 121.742 
dog 0.0193497 269.444 55.5052 416 117.876 
person 0.0334037 368.968 56.1113 416 116.434 
dog 0.0201904 78.0222 75.8097 201.351 133.787 
dog 0.0186472 272.107 71.6601 416 140.513 
book 0.0223158 150.589 117.315 359.499 150.715 
keyboard 0.0310561 172.911 113.398 327.552 152.222 
book 0.0186431 278.48 114.887 416 149.941 
book 0.0190473 303.781 112.353 416 148.552 
dog 0.0189532 270.902 53.8754 416 153.835 
cat 0.019983 113.26 75.324 341.799 183.61 
cat 0.0282489 147.434 76.1394 416 188.801 
dog 0.126801 271.887 74.6471 416 183.825 
