teddy_bear 0.0282625 89.4355 74.4187 152.381 111.832 
teddy_bear 0.0216235 102.225 76.9533 165.405 115.232 
teddy_bear 0.0206285 229.951 74.7265 292.662 112.838 
teddy_bear 0.0190537 364.518 73.318 416 112.246 
teddy_bear 0.0333419 377.394 86.3325 416 134.515 
dog 0.0278856 90.6116 76.774 177.526 121.821 
dog 0.0210569 99.3535 77.211 174.435 124.698 
person 0.0305267 235.141 75.7638 315.765 129.558 
teddy_bear 0.0392469 376.862 76.0415 416 129.674 
dog 0.0326067 57.7038 87.1195 173.533 147.909 
dog 0.0245068 70.3282 86.5169 182.65 147.89 
dog 0.0203328 89.0605 85.5155 176.558 146.222 
dog 0.0186207 100.571 85.5953 174.963 145.62 
teddy_bear 0.0248685 378.791 84.5949 416 145.435 
bed 0.0189078 59.8578 101.192 180.025 183.066 
bed 0.0327531 69.8137 101.914 197.665 182.168 
dog 0.0932389 55.382 83.2264 168.167 135.411 
dog 0.609598 78.2485 85.9217 194.57 148.963 
dog 0.0488718 102.828 87.2625 179.53 143.114 
person 0.327879 236.575 80.4248 313.055 146.015 
dog 0.0420589 377.128 78.2854 416 149.175 
bed 0.0186374 70.5912 104.687 215.794 168.543 
bed 0.142287 69.3147 81.1198 218.798 193.162 
bed 0.997102 146.758 83.7932 416 198.837 
bed 0.0330962 181.561 78.5843 385.188 206.354 
bed 0.248842 205.189 74.9043 368.062 201.177 
bed 0.0220053 233.735 77.5849 416 205.456 
bed 0.982174 273.709 80.0769 416 195.471 
bed 0.0225316 300.292 78.984 416 201.285 
bed 0.0199263 343.145 76.8835 416 207.639 
bed 0.0252892 147.545 99.8286 416 194.955 
bed 0.0216266 273.01 101.319 416 198.017 
bed 0.258504 149.983 79.7996 416 242.046 
bed 0.0206352 168.085 78.6792 416 248.286 
bed 0.023879 210.58 79.0877 416 267.217 
bed 0.0273783 247.373 78.6883 416 251.846 
bed 0.212479 272.168 76.7176 416 244.036 
bed 0.0209588 152.726 104.74 416 288.654 
bed 0.0236246 151.477 140.501 416 416 
bed 0.0213297 242.042 144.035 416 416 
