person 0.0195703 249.114 72.4189 306.63 93.839 
bird 0.0200495 376.99 71.9092 416 93.1109 
bird 0.0213439 391.209 70.9842 416 96.7612 
bird 0.0239923 388.333 68.4943 416 105.397 
bird 0.024842 347.637 101.674 408.747 137.635 
bird 0.0196288 388.625 106.227 416 149.838 
bird 0.0245965 387.974 119.492 416 155.375 
potted_plant 0.018692 230.091 59.0445 328.42 96.8138 
person 0.0330411 373.024 60.1553 416 101.245 
bird 0.0225168 361.552 71.2153 416 115.08 
bird 0.0442077 373.547 68.9101 416 113.472 
bird 0.0201074 360.13 91.9649 416 152.167 
bird 0.0674842 217.846 105.117 326.929 156.043 
bird 0.0933443 229.301 106.855 331.718 161.243 
bird 0.0369896 346.319 104.262 416 152.84 
bird 0.995469 360.414 105.183 416 151.958 
bird 0.309336 372.274 106.349 416 156.685 
bird 0.0194547 229.789 116.467 330.444 159.793 
bird 0.0212054 359.837 115.06 416 164.946 
bird 0.0248718 374.358 115.566 416 162.712 
person 0.129998 366.67 59.2025 416 99.6856 
bird 0.0870289 365.214 76.0905 416 134.017 
keyboard 0.0215807 73.2645 111.101 212.775 159.339 
dining_table 0.033475 144.064 110.577 396.505 152.332 
bird 0.739968 212.052 111.044 346.054 157.911 
bird 0.142494 231.656 109.159 342.238 163.358 
dining_table 0.0597432 271.608 110.99 416 156.284 
bird 0.251457 341.413 109.437 416 153.609 
bird 0.997949 365.605 108.045 416 153.695 
dining_table 0.023951 145.046 104.4 416 199.16 
