mouse 0.0187656 344.152 119.116 401.533 136.513 
mouse 0.0197066 357.722 117.921 416 136.144 
cat 0.0312822 215.198 121.267 331.597 139.698 
cat 0.0207236 347.197 120.974 416 141.266 
cat 0.0540209 357.596 120.221 416 140.294 
cat 0.072215 78.9012 119.411 195.317 144.764 
cat 0.0322097 216.469 120.782 325.835 146.274 
cat 0.0193325 347.04 119.445 416 143.443 
cat 0.0392024 358.118 115.715 416 144.677 
laptop 0.0195318 341.355 59.7314 416 203.391 
laptop 0.0295774 208.393 68.0887 357.954 194.48 
laptop 0.0824736 342.508 67.6791 416 192.176 
