bed 0.0256612 343.202 99.1394 416 177.96 
person 0.0267132 139.887 49.7081 416 145.725 
person 0.0194381 271.164 50.3791 416 149.362 
bed 0.215549 139.798 74.9518 416 203.279 
bed 0.0596036 266.307 75.3171 416 202.209 
bed 0.0263941 141.867 99.9235 416 194.858 
bed 0.204335 175.434 75.8326 416 241.832 
sofa 0.0515335 207.209 75.4366 416 226.587 
bed 0.0937116 243.687 75.0218 416 225.985 
bed 0.0191577 174.037 105.596 416 303.269 
bed 0.0192259 175.456 141.438 416 416 
bed 0.0209596 240.954 142.324 416 407.626 
bed 0.0191393 175.833 174.419 416 416 
bed 0.0222658 240.091 175.073 416 416 
