person 0.0900352 116.768 72.3093 162.867 165.02 
person 0.987025 395.267 72.9269 439.072 176.98 
person 0.101534 395.208 82.2451 436.217 183.515 
person 0.999943 117.811 74.0415 170.33 172.901 
person 0.661897 261.044 74.0255 314.223 182.576 
person 0.981483 393.826 72.7295 437.806 186.617 
person 0.0565316 118.641 82.2332 171.677 190.98 
person 0.0889857 393.062 82.4886 436.447 187.956 
person 0.999999 120.58 75.0897 172.771 183.34 
person 0.0529367 131.515 73.5541 199.998 186.015 
person 0.999962 263.327 77.5608 317.468 176.976 
person 0.999774 393.188 73.6913 438.816 186.963 
