car 0.184721 298.008 57.5722 337.193 69.6527 
car 0.428201 312.62 57.1289 367.062 69.3901 
car 0.258437 326.685 56.7216 385.245 68.6389 
car 0.411772 344.785 56.3701 403.371 68.518 
car 0.425177 360.282 55.1031 414.929 67.2581 
car 0.0772784 374.099 54.8232 416 67.2487 
car 0.0956617 394.117 54.9779 416 71.5247 
car 0.0207576 390.656 75.5888 416 91.6682 
person 0.027698 346.429 89.5591 416 125.716 
person 0.0452071 356.449 88.2983 416 124.365 
person 0.033389 346.608 80.7236 416 121.17 
person 0.0307861 360.792 81.1639 416 125.094 
dining_table 0.0290875 268.17 118.759 416 157.146 
car 0.0216535 348.158 104.222 416 155.578 
car 0.0279282 359.545 110.213 416 159.608 
