motorbike 0.0213608 70.6625 77.5835 136.377 116.923 
person 0.019015 89.559 58.3454 191.931 134.684 
person 0.0193816 101.773 59.4188 184.145 132.772 
person 0.0185743 375.078 57.8112 416 147.741 
motorbike 0.0294545 90.2648 71.5783 192.834 129.967 
motorbike 0.0200336 99.0963 67.284 183.914 137.299 
person 0.0395964 103.369 56.3304 191.067 131.527 
potted_plant 0.0185545 272.428 52.0881 394.99 133.364 
bicycle 0.0326718 370.866 55.8079 416 146.652 
motorbike 0.235957 88.8607 79.3649 186.091 150.525 
motorbike 0.0321121 100.014 71.7379 188.455 141.572 
car 0.137555 148.07 55.9522 413.757 159.049 
car 0.0200445 179.167 58.4801 380.707 170.505 
potted_plant 0.0184294 306.001 59.1511 416 169.409 
chair 0.0219881 336.975 58.3611 416 176.117 
car 0.0434485 150.636 72.7945 409.552 194.685 
car 0.0480449 175.996 72.0086 397.749 205.661 
tvmonitor 0.166229 207.735 72.0175 398.864 217.177 
potted_plant 0.0350411 273.302 72.8552 416 206.643 
potted_plant 0.0318667 304.672 72.4674 416 205.387 
tvmonitor 0.0267718 335.834 72.9436 416 213.256 
