person 0.477924 375 54 33 25 
person 0.977722 100 60 42 45 
person 0.535561 375 60 38 42 
person 0.091796 91 69 52 55 
person 0.947065 101 70 46 53 
person 0.243323 119 75 61 41 
person 0.352159 375 70 51 49 
person 0.713511 392 75 47 43 
person 0.487767 89 69 76 62 
person 0.569016 103 72 81 56 
person 0.0871806 115 73 78 46 
person 0.240814 234 70 89 61 
person 0.322025 246 72 94 53 
person 0.627551 375 73 77 53 
person 0.0720887 90 75 83 59 
person 0.987381 105 75 86 55 
fire_hydrant 0.992688 245 75 85 55 
person 0.794044 374 72 74 51 
