person 0.0239124 22.4423 7.57499 74.5805 23.2265 
person 0.0216703 42.2591 12.3202 80.6454 36.9378 
person 0.0188215 72.6902 12.4134 116.016 35.0318 
book 0.0299268 89.5474 10.4184 135.943 31.0801 
book 0.0289644 101.164 10.0949 139.499 30.3693 
handbag 0.0199712 217.401 13.328 308.624 36.2129 
person 0.0224009 76.5079 13.3021 183.114 40.9893 
handbag 0.105739 214.869 14.1419 312.4 41.8006 
chair 0.0203974 362.792 13.9905 416 45.1998 
handbag 0.0191502 70.8536 51.8168 209.482 130.04 
handbag 0.0218563 212.745 51.0754 353.05 129.002 
chair 0.0184142 346.283 54.7588 416 129.239 
person 0.03156 270.612 48.613 416 146.965 
bed 0.0395678 142.65 74.1267 416 204.51 
person 0.0195827 212.076 73.9093 374.705 199.422 
bed 0.0531331 269.789 72.1692 416 210.889 
bed 0.0244391 244.605 74.5353 416 265.822 
bed 0.0217093 269.25 75.5678 416 255.333 
