person 0.0268759 25.0038 10.952 71.3683 33.2191 
person 0.043532 38.0993 12.8057 77.8426 36.7473 
person 0.0191717 121.406 7.86967 160.166 22.2406 
person 0.0201448 134.216 11.4725 168.804 32.8265 
person 0.026623 153.429 11.3513 189.212 33.2412 
person 0.0232692 165.655 11.016 211.182 33.8679 
person 0.0356422 266.697 9.62963 293 27.3005 
person 0.0270391 281.162 11.3383 325.098 33.1884 
person 0.0308785 295.295 10.0086 334.18 29.8214 
person 0.0279902 309.825 11.7969 352.391 35.2685 
person 0.51353 43.3474 19.1344 72.2667 46.4427 
person 0.0208653 50.2157 26.4728 73.4046 52.6688 
person 0.0256263 187.807 21.3304 211.689 44.1706 
person 0.0286123 314.568 18.0267 347.74 42.4576 
person 0.0270212 409.38 25.8988 416 76.7922 
person 0.039484 409.687 36.7947 416 87.2585 
person 0.0309909 27.0328 20.1238 83.9261 60.7872 
person 0.0428181 38.2117 20.7909 82.2246 58.6607 
person 0.028329 407.753 29.8806 416 95.7568 
person 0.0338012 408.246 37.3673 416 109.219 
person 0.02014 407.311 53.4175 416 152.525 
handbag 0.0200833 297.951 70.6809 343.224 137.932 
person 0.0380067 91.9433 41.7622 174.656 120.143 
person 0.0722194 231.623 42.1864 312.657 128.851 
person 0.0830409 366.124 41.3134 416 121.455 
person 0.0433133 372.094 42.8462 416 130.024 
person 0.0290977 29.2486 59.3598 90.0583 175.429 
person 0.137395 35.3674 59.4845 103.901 172.783 
person 0.501798 91.2733 51.7596 173.174 154.492 
person 0.0378742 98.6919 52.6917 179.488 158.321 
handbag 0.0478017 167.589 58.644 239.827 168.824 
person 0.610832 231.548 52.7757 314.535 161.374 
person 0.0189313 242.927 54.5269 317.723 169.745 
handbag 0.0221859 300.872 58.7189 365.513 163.221 
handbag 0.0326012 309.238 58.4698 382.133 152.764 
person 0.140843 365.942 52.4655 416 161.138 
person 0.228984 372.008 52.5932 416 160.96 
handbag 0.0456564 29.6058 70.548 92.0725 196.153 
person 0.443984 35.033 71.1215 104.941 203.435 
handbag 0.114611 168.263 70.1184 243.621 197.116 
person 0.0221279 233.216 70.4875 312.402 166.01 
handbag 0.0471708 300.446 69.863 365.024 193.859 
handbag 0.267557 309.952 70.7261 383.196 193.596 
person 0.0199743 373.565 71.454 416 163.544 
handbag 0.0260639 29.9172 84.2321 94.9606 211.263 
person 0.0437734 35.2908 83.41 105.166 211.377 
handbag 0.0206511 300.183 83.9274 369.872 207.274 
handbag 0.0548829 310.121 83.2668 382.574 205.139 
handbag 0.0305326 99.8368 107.228 186.186 165.085 
handbag 0.0256891 236.552 106.944 319.426 162.82 
handbag 0.0243973 99.3431 115.942 185.827 165.337 
person 0.0202666 30.4202 58.5983 90.8523 177.219 
person 0.235896 35.4626 58.6113 103.904 170.859 
person 0.977383 91.5912 50.0868 173.904 142.751 
person 0.226462 99.0857 53.4164 178.905 155.108 
handbag 0.107267 168.477 58.6066 243.074 154.036 
person 0.0194525 220.87 49.7916 294.981 145.752 
person 0.991685 232.887 53.077 310.112 153.323 
handbag 0.0386527 304.586 58.2798 377.703 155.641 
person 0.98746 372.036 51.5126 416 152.624 
person 0.122928 29.8894 71.549 88.6889 207.372 
person 0.999932 34.6432 70.0148 103.899 211.313 
handbag 0.0430066 103.692 81.1918 181.132 191.665 
person 0.998995 168.235 71.7991 243.065 204.125 
handbag 0.124701 237.965 72.9403 313.843 185.31 
handbag 0.0194463 275.34 75.0412 343.259 193.45 
handbag 0.970522 305.686 72.4762 378.64 198.354 
person 0.0352124 373.196 73.8985 416 176.152 
handbag 0.0905645 99.5876 113.466 188.734 165.468 
handbag 0.0780586 235.865 113.379 321.512 163.048 
handbag 0.0201479 308.969 110.553 416 171.068 
handbag 0.0186561 374.561 118.432 416 162.184 
person 0.999906 41.1665 71.8486 121.539 217.989 
person 0.930155 76.4183 70.7159 215.839 222.101 
person 0.124689 106.966 70.1923 242.377 215.805 
person 0.183509 146.28 73.2613 290.649 221.855 
person 0.99624 170.833 72.815 268.181 222.368 
person 0.0304306 211.776 71.6565 344.587 221.859 
person 0.0813883 234.539 71.8151 338.54 221.655 
person 0.367462 274.671 72.258 416 222.422 
person 0.162453 304.721 72.6062 416 214.313 
person 0.147511 338.209 71.59 416 218.615 
person 0.115523 370.659 71.6944 416 223.85 
