tvmonitor 0.0196973 7.90276 13.3562 24.353 40.7319 
person 0.0206266 412.547 55.8316 416 118.985 
chair 0.0185406 306.684 28.1264 353.384 87.1654 
person 0.026107 9.03087 41.6404 27.9038 138.683 
chair 0.0192643 306.555 44.4318 356.033 98.2242 
person 0.0245299 410.097 56.6932 416 165.217 
person 0.0228595 409.213 66.5472 416 146.472 
person 0.018733 57.1972 88.3782 157.071 180.05 
person 0.0199202 73.4963 85.1063 164.063 155.997 
person 0.0232197 55.0465 104.692 163.469 181.086 
person 0.0192311 201.91 37.2552 325.044 116.369 
chair 0.0710614 304.601 42.2075 383.78 129.73 
person 0.0413758 53.084 88.0521 155.06 173.063 
person 0.0287674 73.8064 81.2701 163.064 145.639 
person 0.0395904 48.2638 110.707 146.501 182.409 
person 0.0231986 142.265 53.469 373.189 162.743 
person 0.0625945 59.1918 78.9169 175.949 222.94 
person 0.110841 137.665 82.9989 416 210.179 
person 0.0308421 55.2737 104.939 170.431 242.364 
skateboard 0.0662309 137.354 102.028 416 203.852 
person 0.0282426 142.733 80.8337 416 261.254 
person 0.0186609 146.987 142.264 416 416 
