cat 0.0219199 73.1721 38.7983 215.105 94.6828 
cat 0.0632031 87.0705 40.9496 195.313 93.0954 
cat 0.0220646 98.9163 41.672 221.426 96.1246 
cat 0.0222117 89.3964 51.0938 189.332 93.0358 
cat 0.0194217 98.3607 50.9645 196.764 92.6727 
zebra 0.0185967 74.7123 27.6348 204.686 75.9407 
tennis_racket 0.0244901 210.17 20.9537 363.587 58.8092 
cat 0.94977 82.6842 36.3165 208.721 104.903 
cat 0.0394018 100.156 39.6415 199.414 99.3619 
person 0.0246684 369.445 39.4021 416 100.264 
person 0.0187235 270.935 50.1445 416 150.309 
