car 0.0252585 40.7986 42.7334 72.6095 58.4405 
car 0.152506 55.6808 42.0798 103.383 61.4381 
car 0.0245042 70.5381 41.721 106.362 62.3339 
person 0.0661878 171.689 39.3211 196.424 58.2194 
person 0.0195185 214.58 39.6166 241.715 66.0082 
person 0.354282 309.61 41.7888 333.28 58.2024 
person 0.0408666 329.502 42.3048 369.136 60.5846 
person 0.0353364 341.66 41.5083 386.231 62.1161 
car 0.0196285 106.76 60.4543 137.818 87.0497 
car 0.0188483 116.294 70.8041 157.018 90.5406 
car 0.0238519 251.885 68.767 296.508 90.1499 
person 0.0182697 393.143 70.9803 416 87.8767 
car 0.0208552 108.96 57.1987 159.389 100.564 
car 0.019276 109.557 70.0477 160.216 113.027 
car 0.019705 114.532 71.5363 162.536 112.822 
chair 0.0184989 251.151 72.3441 301.833 112.927 
chair 0.0194137 251.061 87.8535 303.603 129.629 
chair 0.0332367 389.58 87.3005 416 131.984 
chair 0.0226236 391.315 101.052 416 162.245 
cup 0.0231788 187.578 91.7242 274.864 184.946 
