keyboard 0.022272 70.9396 108.112 195.783 158.205 
keyboard 0.0217254 345.556 107.281 416 166.071 
keyboard 0.0222672 70.5207 115.478 195.187 162.695 
keyboard 0.0191575 61.2015 111.13 179.883 155.413 
keyboard 0.287538 70.0995 110.433 196.492 157.462 
keyboard 0.0252679 145.357 111.579 416 163.822 
keyboard 0.0401585 206.126 107.428 337.953 156.261 
keyboard 0.0191178 233.784 110.137 416 157.745 
keyboard 0.063589 272.41 110.077 416 160.988 
keyboard 0.083688 345.045 104.992 416 167.979 
laptop 0.0700569 63.1948 71.0776 208.353 222.399 
laptop 0.999998 69.0691 72.921 215.155 224.318 
laptop 0.0189645 107.862 76.0441 349.823 218.461 
laptop 0.847074 143.576 76.7731 416 216.065 
laptop 0.925006 203.564 71.3524 383.323 208.391 
laptop 0.0275768 231.455 74.5874 416 209.733 
laptop 0.294366 271.529 78.1973 416 212.835 
laptop 0.0908292 341.965 70.7803 416 222.033 
laptop 0.0761832 146.156 79.3164 416 253.184 
laptop 0.251109 172.321 78.7554 416 254.275 
laptop 0.0413257 207.564 77.8869 416 259.989 
laptop 0.42511 242.584 78.9344 416 243.347 
laptop 0.0443764 270.066 78.5047 416 251.881 
