person 0.683881 84 61 26 20 
person 0.13803 225 60 23 19 
person 0.0752463 362 60 27 19 
person 0.999999 24 72 20 29 
person 0.999999 60 73 23 32 
person 0.0757314 75 71 26 30 
person 0.969677 84 69 31 32 
person 0.99193 102 72 27 26 
person 0.127085 155 69 23 26 
person 0.999999 163 72 20 27 
person 0.999999 200 72 23 31 
person 0.244013 220 70 28 29 
person 0.475855 233 75 41 25 
person 0.157334 244 70 24 24 
person 0.999999 301 73 22 27 
person 0.995628 304 72 21 26 
person 0.0762082 335 72 25 31 
person 0.999999 338 73 25 30 
person 0.438769 362 70 32 33 
person 0.274437 377 75 29 27 
person 0.203003 103 102 35 24 
person 0.101407 248 104 45 25 
person 0.143518 388 104 51 25 
person 0.16624 261 116 27 23 
person 0.0532138 398 115 28 23 
person 0.936284 86 69 41 36 
person 0.917544 230 69 49 36 
person 0.710817 365 69 42 38 
person 0.235451 370 72 49 36 
person 0.0884506 247 94 53 39 
person 0.0544175 389 93 54 40 
person 0.902355 110 102 56 38 
person 0.999132 114 103 53 44 
person 0.945002 249 100 51 37 
person 0.990357 389 101 54 39 
