person 0.053699 268 74 24 29 
person 0.0668537 377 75 55 22 
person 0.0924854 408 71 15 40 
dog 0.0534063 100 82 56 16 
person 0.0537785 235 82 49 16 
person 0.0567005 374 81 57 15 
person 0.0500339 237 75 64 31 
person 0.076153 243 74 70 33 
person 0.108514 377 72 68 35 
person 0.0646394 407 72 17 75 
person 0.0707653 243 72 75 37 
person 0.0811066 376 71 77 41 
umbrella 0.0943331 149 46 125 49 
person 0.0795941 375 50 80 69 
dog 0.0848966 101 76 76 39 
person 0.143165 242 74 78 37 
person 0.115836 377 69 79 43 
