car 0.0233978 72.319 45.9027 111.81 59.1918 
car 0.771507 88.0618 42.6782 145.179 58.0383 
car 0.184406 98.9888 39.7407 143.617 53.898 
car 0.0225904 122.878 41.5278 157.76 59.3216 
potted_plant 0.0187618 215.149 44.8663 270.269 66.3518 
vase 0.0200022 262.366 44.1369 292.643 67.5917 
bowl 0.0216514 345.419 44.7867 375.82 62.8631 
bowl 0.0188573 374.534 38.3311 412.506 53.257 
car 0.0192774 12.1007 59.4205 37.2532 76.0339 
car 0.0783901 72.8978 51.8452 108.936 66.5991 
car 0.0872343 85.0448 51.1082 139.887 69.5005 
potted_plant 0.0340926 214.716 52.4436 263.587 67.0731 
potted_plant 0.0188514 231.192 51.1722 270.422 65.9752 
vase 0.0197166 260.968 52.0891 295.398 73.4203 
bottle 0.0308035 347.021 50.6243 381.083 65.9977 
bowl 0.0293822 357.064 52.3313 405.389 67.2946 
potted_plant 0.0206599 403.455 50.8641 416 74.5271 
chair 0.0705782 21.5839 88.8382 59.0388 104.159 
potted_plant 0.0214529 34.5988 93.8068 69.2399 110.411 
chair 0.0463339 157.331 87.4038 188.775 105.036 
chair 0.0349165 163.816 89.9027 199.08 106.558 
cup 0.0253349 308.53 91.9984 335.829 107.169 
potted_plant 0.0244737 37.4786 99.2488 67.8143 115.868 
bottle 0.0369463 109.776 97.7448 131.979 118.42 
sink 0.0192831 379.956 131.169 416 142.987 
potted_plant 0.0212859 218.58 43.9155 277.154 76.8221 
dining_table 0.0207957 135.82 118.668 406.026 160.278 
sink 0.0369556 354.729 117.438 416 151.71 
truck 0.0306811 90.1644 45.1768 188.231 83.8965 
truck 0.0190993 100.457 41.7104 197.677 80.2408 
potted_plant 0.063888 232.789 38.6832 323.829 88.7005 
potted_plant 0.0376474 368.178 51.4702 416 103.584 
chair 0.0247174 212.849 82.6258 340.341 120.73 
dining_table 0.151148 74.8475 112.644 210.261 155.914 
dining_table 0.0602833 143.68 120.197 416 160.431 
dining_table 0.0316875 176.347 117.885 399.645 160.612 
dining_table 0.0430138 212.66 116.239 346.962 158.755 
dining_table 0.0341939 271.626 118.79 416 157.916 
dining_table 0.0211662 303.729 116.533 416 157.637 
dining_table 0.106344 348.156 116.396 416 155.85 
sink 0.0281006 357.257 117.473 416 156.822 
dining_table 0.0195033 149.884 112.856 416 185.584 
dining_table 0.020813 273.027 108.045 416 177.874 
