potted_plant 0.0266299 398.378 88.2555 416 111.779 
potted_plant 0.0186273 400.827 86.9865 416 109.43 
potted_plant 0.0200236 397.246 89.2799 416 124.62 
car 0.0270001 273.058 112.272 416 159.82 
tvmonitor 0.0544148 334.184 55.3111 416 178.102 
car 0.0217207 145 81.7094 416 203.313 
car 0.0223104 267.953 81.6019 416 189.495 
car 0.0292678 144.644 109.73 416 198.911 
car 0.0205526 208.724 106.486 416 189.258 
car 0.0192583 243.211 106.135 416 178.23 
car 0.134891 267.85 109.185 416 190.503 
tvmonitor 0.0274066 241.929 49.3829 416 242.23 
tvmonitor 0.0194066 144.759 78.6865 416 265.506 
tvmonitor 0.0261588 175.547 78.7304 416 256.602 
tvmonitor 0.0307989 208.966 76.0953 416 260.888 
tvmonitor 0.0343377 241.283 73.0579 416 237.847 
car 0.019714 175.699 144.658 416 416 
