bottle 0.0190649 376.72 7.87592 408.411 23.1194 
cup 0.0214374 359.489 85.4879 399.737 100.497 
knife 0.0286719 105.251 107.483 184.001 124 
knife 0.0212168 117.95 104.784 172.285 120.913 
knife 0.0226976 104.883 123.109 183.428 143.529 
person 0.0188829 172.911 42.5857 248.809 140.707 
chair 0.03132 42.0253 57.7838 129.466 128.425 
chair 0.0266248 53.2023 55.3016 147.59 133.84 
person 0.0198102 173.581 56.5899 250.36 130.767 
person 0.0673309 183.593 55.3174 278.351 127.267 
person 0.0234201 312.667 56.2313 388.713 123.994 
sofa 0.0204135 43.3899 69.8869 132.585 150.996 
snowboard 0.0244908 314.38 106.084 416 138.797 
skis 0.0278976 292.417 119.148 416 156.339 
skis 0.0233931 314.836 117.782 416 153.872 
person 0.0186526 30.7898 57.5372 96.2956 140.764 
chair 0.927182 44.0745 59.5594 134.579 139.828 
chair 0.0286865 77.4557 51.1071 198.861 128.666 
chair 0.0208925 107.488 47.4481 271.756 131.823 
person 0.0209816 152.281 51.5556 283.337 135.125 
person 0.990514 179.711 54.2229 270.058 137.631 
person 0.0222201 200.752 53.7847 304.628 132.909 
person 0.0317809 310.575 54.4077 394.161 126.687 
chair 0.10099 44.1544 69.9764 124.945 165.336 
cake 0.03418 78.584 115.58 225.847 162.929 
cake 0.0583845 110.576 113.86 290.68 157.56 
cake 0.0650986 143.435 114.037 335.59 154.68 
cake 0.0190648 173.993 113.571 416 162.417 
cake 0.0202108 239.165 113.359 416 155.64 
cake 0.0236874 272.959 115.22 416 152.292 
skis 0.119339 304.61 116.015 416 158.883 
dining_table 0.035063 146.723 108.987 416 187.451 
snowboard 0.0256803 207.475 111.994 416 184.662 
