person 0.101308 8 86 16 28 
person 0.0789658 24 87 35 29 
person 0.42781 87 89 24 22 
person 0.999416 122 90 25 25 
person 0.48323 132 89 18 27 
person 0.497213 149 86 21 27 
person 0.921403 167 89 27 29 
person 0.069037 199 83 40 21 
person 0.801843 227 92 23 24 
person 0.229482 248 91 25 21 
person 0.999642 264 89 22 26 
person 0.127684 281 88 20 27 
person 0.965096 296 90 28 31 
person 0.309326 306 93 27 29 
person 0.245991 365 91 23 26 
person 0.810004 403 89 23 29 
person 0.0896132 88 99 23 30 
chair 0.83236 120 106 38 21 
person 0.0717125 152 103 25 29 
person 0.137063 164 103 34 26 
person 0.167355 182 100 22 27 
person 0.0740586 200 107 29 25 
person 0.317247 227 98 20 30 
person 0.0836122 260 104 35 23 
person 0.124716 298 100 32 32 
person 0.069833 308 97 28 33 
person 0.193627 325 101 26 29 
person 0.0561923 343 104 31 30 
person 0.528361 365 98 23 34 
chair 0.0845605 120 113 35 21 
surfboard 0.0591536 168 132 71 19 
person 0.999727 24 94 39 42 
person 0.609177 58 93 50 46 
person 0.433919 68 93 49 50 
person 0.672592 163 94 38 38 
person 0.0538383 185 93 53 37 
person 0.118898 200 91 49 41 
person 0.820753 298 94 38 39 
person 0.0993347 333 92 44 44 
person 0.799079 341 93 46 49 
person 0.497454 23 97 40 43 
person 0.456941 58 97 48 45 
person 0.159989 71 100 53 40 
person 0.07432 164 97 41 38 
person 0.659891 299 97 35 41 
person 0.128581 342 98 47 40 
person 0.115577 396 98 37 41 
surfboard 0.0649124 107 141 215 21 
surfboard 0.0726659 215 136 193 25 
surfboard 0.152593 234 139 249 25 
