person 0.0209886 51.7652 41.8511 99.0932 64.9808 
person 0.0314195 265.073 126.46 297.687 149.259 
person 0.0278323 263.637 129.226 293.39 147.007 
person 0.0200319 199.096 46.7791 270.321 76.0134 
tvmonitor 0.0238638 199.822 17.3139 408.951 51.9088 
person 0.019196 203.391 44.3574 332.685 92.3462 
person 0.0323658 46.1239 83.7354 141.348 186.582 
cat 0.0211971 80.8163 81.8253 245.724 208.988 
cat 0.0402767 114.457 79.4651 338.042 212.899 
cat 0.96667 144.74 79.3043 408.156 209.793 
person 0.0250271 206.779 79.4757 416 200.874 
person 0.0378793 235.273 79.3076 416 198.725 
person 0.0675093 268.629 77.8065 416 207.464 
cat 0.0478035 339.697 75.1981 416 216.353 
cat 0.0261712 174.722 79.7731 416 254.454 
cat 0.0236022 207.42 77.8471 416 247.194 
tvmonitor 0.0365651 239.911 77.5018 416 248.157 
