umbrella 0.0453336 360 35 75 20 
car 0.0106677 70 57 44 14 
car 0.0547908 90 56 38 13 
car 0.0468099 101 58 53 15 
car 0.0204043 118 60 55 16 
person 0.0103758 119 68 36 17 
clock 0.0170577 11 103 22 31 
umbrella 0.0226232 360 39 70 31 
umbrella 0.0246903 220 41 79 35 
umbrella 0.0339308 361 40 78 32 
car 0.0173866 43 57 90 55 
car 0.0100017 52 58 119 51 
car 0.0127862 120 57 147 31 
umbrella 0.0100084 328 56 109 40 
umbrella 0.0133541 362 52 82 40 
car 0.0169662 31 76 77 90 
car 0.12695 45 76 94 81 
car 0.112411 53 75 118 66 
car 0.0148679 70 75 129 62 
car 0.01308 136 73 180 58 
umbrella 0.0168399 328 76 115 61 
car 0.0101379 31 85 69 94 
car 0.181825 44 85 91 85 
car 0.133251 53 87 124 81 
car 0.0163876 74 87 125 63 
car 0.0185041 137 86 199 60 
car 0.0109438 148 85 193 70 
truck 0.0138926 199 88 161 60 
car 0.013013 264 89 201 43 
car 0.0107052 280 89 220 62 
umbrella 0.020968 327 87 130 71 
umbrella 0.0103652 343 87 160 59 
umbrella 0.012023 359 87 121 45 
car 0.0153008 43 98 92 86 
car 0.010467 75 101 137 61 
car 0.0164443 86 102 123 51 
car 0.0132605 98 102 130 51 
umbrella 0.0173311 345 101 171 58 
umbrella 0.0165998 358 101 127 55 
car 0.0310233 48 56 104 45 
potted_plant 0.0422444 218 44 88 36 
potted_plant 0.0166383 227 48 89 42 
umbrella 0.0329336 337 51 119 41 
umbrella 0.0652367 365 48 86 46 
car 0.663177 49 84 98 89 
car 0.128955 81 88 124 72 
car 0.0437092 105 87 120 52 
car 0.0912601 142 80 199 68 
truck 0.0108112 183 82 102 69 
truck 0.0327545 206 86 134 60 
car 0.0794611 277 84 232 49 
umbrella 0.126652 332 88 131 78 
umbrella 0.0408682 367 89 96 55 
car 0.0468339 50 102 105 90 
car 0.0478259 83 107 136 53 
car 0.0276087 104 103 127 46 
truck 0.0170257 343 104 165 69 
car 0.0101813 139 139 230 25 
car 0.0131907 57 85 119 115 
car 0.201963 75 86 154 117 
truck 0.112113 114 83 248 107 
truck 0.350225 141 85 262 101 
car 0.0147553 236 84 248 106 
truck 0.127862 274 86 297 97 
truck 0.0332253 305 87 198 106 
truck 0.0955708 339 86 149 116 
car 0.01359 57 99 127 118 
car 0.0514178 74 100 165 107 
truck 0.0314845 145 100 291 97 
laptop 0.0170103 208 102 247 87 
truck 0.0270194 272 102 323 89 
truck 0.0108119 298 100 250 89 
truck 0.0136868 340 98 157 102 
