book 0.0191118 53.1656 38.3341 81.5177 70.8121 
person 0.0295161 259.573 19.9127 299.903 59.3378 
person 0.023781 396.713 21.5031 416 64.8267 
book 0.0197023 57.5216 38.4454 105.085 80.3525 
person 0.0192746 394.978 36.3329 416 106.059 
potted_plant 0.0187529 394.437 106.179 416 168.544 
traffic_light 0.021499 179.644 35.4475 270.415 108.528 
traffic_light 0.0304668 207.782 36.5273 349.175 115.429 
person 0.0235883 388.796 41.3424 416 128.301 
potted_plant 0.0261654 368.973 102.079 416 184.659 
