person 0.0546974 38 46 49 18 
tvmonitor 0.0812219 171 45 54 22 
tvmonitor 0.0803873 170 43 76 39 
laptop 0.0691296 41 58 84 47 
laptop 0.128695 43 71 87 42 
laptop 0.14094 154 74 131 43 
laptop 0.218664 168 72 123 37 
laptop 0.154646 180 73 111 32 
sofa 0.0538965 296 74 133 38 
sofa 0.0603869 311 72 122 37 
laptop 0.0570581 167 85 151 53 
keyboard 0.0510278 327 108 144 62 
keyboard 0.21777 42 117 82 48 
keyboard 0.11914 182 116 100 52 
keyboard 0.151798 317 115 109 48 
keyboard 0.180315 325 115 109 49 
laptop 0.316968 42 60 87 61 
tvmonitor 0.447569 171 58 95 44 
sofa 0.0655891 306 58 96 49 
laptop 0.330355 46 69 93 50 
laptop 0.10211 156 76 115 44 
laptop 0.309025 169 74 122 41 
sofa 0.0822459 302 70 127 47 
keyboard 0.503913 45 115 93 55 
keyboard 0.0919249 152 111 194 68 
keyboard 0.342887 178 112 118 59 
keyboard 0.0503127 202 116 143 57 
keyboard 0.266245 312 111 115 53 
keyboard 0.275454 334 111 139 57 
laptop 0.191962 145 106 252 94 
