dog 0.0259999 60.7327 40.4887 181.373 85.3867 
dog 0.199617 73.2308 42.5301 204.736 91.9054 
dog 0.0343395 60.4436 52.1966 186.942 113.015 
dog 0.14651 71.9584 51.455 210.278 112.524 
person 0.0222523 145.378 14.501 353.164 51.0781 
chair 0.0203664 179.044 14.6206 345.355 49.1831 
person 0.0277517 272.094 16.599 416 54.1709 
dog 0.0541752 61.0063 49.4659 195.122 114.81 
dog 0.997918 70.7809 48.2373 213.438 111.506 
bird 0.0278985 211.35 47.7417 349.146 105.999 
person 0.0193206 346.503 48.066 416 103.748 
