umbrella 0.0503848 356 42 120 33 
dog 0.0717432 72 82 104 80 
dog 0.216016 91 84 89 72 
dog 0.293552 99 86 82 66 
dog 0.125083 218 84 92 75 
dog 0.260015 231 86 88 69 
dog 0.166508 365 85 78 69 
dog 0.438008 375 87 74 66 
frisbee 0.0645749 53 47 98 34 
dog 0.0991741 210 40 151 35 
umbrella 0.104037 343 43 125 35 
dog 0.875288 86 81 109 81 
dog 0.395848 99 86 82 72 
dog 0.574414 214 84 126 84 
dog 0.698196 229 87 82 79 
dog 0.868692 374 88 75 74 
dog 0.0694577 370 100 85 65 
dog 0.0780551 76 80 146 106 
dog 0.33893 208 79 151 111 
