remote 0.0199492 389.201 118.711 416 134.702 
tie 0.0216487 129.517 36.0807 154.406 101.887 
person 0.0297355 375.019 71.3459 416 195.326 
person 0.0241408 385.864 69.5283 416 197.068 
person 0.0266837 377.761 58.7504 416 177.928 
person 0.0188546 387.247 59.5677 416 184.179 
tie 0.0185417 102.369 76.5707 187.202 178.191 
person 0.0311136 377.526 75.5062 416 179.104 
person 0.0205947 386.241 70.7589 416 189.026 
skateboard 0.0221186 308.746 117.179 416 155.512 
person 0.0294905 74.8627 60.6043 229.263 191.976 
person 0.0553246 145.619 61.0379 346.903 196.25 
person 0.0200282 177.081 61.136 374.59 194.999 
person 0.0589988 204.183 60.9756 364.466 188.15 
person 0.026238 273.737 61.084 416 190.621 
person 0.0420556 304.579 61.0404 416 192.168 
person 0.0190266 367.495 61.3682 416 193.762 
person 0.0187371 57.6769 70.7092 179.329 221.279 
person 0.0346896 71.9028 67.8518 224.641 204.106 
person 0.0370716 148.179 67.8773 328.749 202.833 
person 0.0312727 177.483 69.9355 390.273 214.184 
chair 0.0226735 200.126 68.6695 384.768 212.224 
person 0.0463021 275.162 67.7966 416 205.514 
person 0.405218 306.813 69.2314 416 213.383 
person 0.0399864 370.464 70.4691 416 213.188 
