tvmonitor 0.0611753 171 45 53 22 
tvmonitor 0.0570939 170 43 77 39 
laptop 0.10575 42 59 86 47 
laptop 0.224606 44 71 88 44 
laptop 0.180804 154 74 131 44 
laptop 0.63598 168 72 123 38 
laptop 0.189371 180 73 111 33 
laptop 0.0650479 167 86 151 58 
keyboard 0.966727 41 117 78 50 
keyboard 0.0565848 51 117 94 56 
keyboard 0.0931791 182 116 113 52 
keyboard 0.517893 316 115 112 42 
keyboard 0.179708 325 115 121 48 
laptop 0.895749 43 60 88 62 
tvmonitor 0.947679 171 58 96 44 
laptop 0.9424 46 68 94 52 
laptop 0.100152 156 78 118 44 
laptop 0.947993 169 75 124 43 
keyboard 0.999605 44 116 90 59 
keyboard 0.0706702 154 109 189 70 
keyboard 0.950804 174 109 115 61 
keyboard 0.839445 308 110 119 53 
keyboard 0.15917 333 112 150 56 
laptop 0.202323 147 104 258 89 
