book 0.0480852 72.4117 8.01691 108.857 23.6003 
book 0.051115 88.7357 7.71203 120.736 23.3806 
book 0.0725472 105.3 7.99858 143.677 24.6941 
book 0.0432444 233.825 7.68892 266.401 23.1948 
book 0.066544 248.53 7.71631 284.769 23.7411 
book 0.0365599 264.163 7.20622 291.065 22.5634 
book 0.0332299 346.82 8.31341 384.876 24.13 
book 0.121867 358.803 7.88057 396.298 23.1923 
book 0.159271 377.113 7.52162 412.37 23.4863 
book 0.0669251 393.494 7.63027 430.495 24.0113 
person 0.0521404 76.5476 77.0733 204.613 170.847 
person 0.198345 62.8256 82.4757 195.952 207.307 
person 0.980592 68.7449 81.2342 205.297 202.624 
person 0.0937218 148.125 71.9844 398.415 205.643 
person 0.86173 204.109 77.8995 346.151 209.305 
person 0.716381 344.655 77.959 488.732 206.798 
