person 0.193995 7 90 15 33 
person 0.0515844 406 92 16 25 
person 0.120048 407 101 17 39 
person 0.88368 63 92 37 45 
person 0.999972 66 92 41 46 
person 0.341098 204 91 46 44 
person 0.610284 342 90 46 42 
person 0.0655588 9 107 17 63 
person 0.992818 28 107 58 56 
person 0.158568 33 107 58 55 
person 0.0543809 62 97 37 55 
person 0.415085 66 96 40 52 
person 0.478766 167 107 60 53 
person 0.0945113 300 107 55 58 
person 0.0527547 308 107 62 54 
person 0.0570804 88 118 58 44 
person 0.451815 30 109 57 62 
person 0.906302 35 109 66 61 
person 0.332115 91 108 78 65 
person 0.884074 101 109 86 58 
person 0.998862 170 107 70 59 
person 0.998392 182 105 93 63 
person 0.794074 300 108 68 62 
person 0.980187 310 108 77 60 
person 0.0654377 344 104 110 67 
person 0.0594493 363 107 94 65 
person 0.0832827 34 114 63 62 
person 0.77166 92 115 84 50 
person 0.765533 102 114 86 56 
person 0.217258 234 117 95 52 
person 0.0905709 310 114 81 57 
person 0.10915 363 117 83 55 
person 0.0942838 373 116 81 57 
person 0.760695 29 110 56 60 
person 0.685509 37 107 70 55 
person 0.847259 91 107 81 58 
person 0.999972 105 107 80 56 
person 0.999999 174 106 75 58 
person 0.417854 210 108 101 59 
person 0.999894 238 110 78 58 
person 0.999981 306 107 67 60 
person 0.630048 337 109 110 65 
person 0.954454 370 112 83 62 
