person 0.022598 391.303 26.7857 416 76.5739 
person 0.0289976 403.063 36.3852 416 94.5596 
person 0.264303 102.174 25.2875 180.57 76.3344 
person 0.0555852 116.466 26.065 216.301 80.4973 
person 0.0206179 134.596 26.6436 274.216 82.111 
person 0.0187033 238.272 24.5642 321.675 75.9839 
person 0.060452 242.781 25.6027 325.912 78.9621 
person 0.0282739 260.96 26.7537 383.52 83.6203 
person 0.525353 378.285 26.1657 416 80.086 
person 0.0285972 384.664 27.1759 416 83.5705 
person 0.0316379 378.056 38.4738 416 117.507 
person 0.318436 105.94 27.1219 184.551 78.6787 
person 0.0535904 139.162 26.2832 295.811 77.4162 
person 0.0715686 244.711 26.7149 329.545 76.944 
person 0.028444 263.902 26.096 401.579 76.7766 
person 0.348028 376.927 26.6745 416 81.8326 
person 0.0221116 102.787 33.6872 181.886 86.4363 
person 0.507181 378.102 40.7263 416 123.535 
baseball_bat 0.0218077 332.618 81.5649 416 153.021 
person 0.0192029 305.284 55.0123 416 172.777 
