cup 0.095268 52.6698 24.2732 88.742 49.2113 
wine_glass 0.0392549 118.751 22.9623 148.281 50.9303 
wine_glass 0.469799 327.421 26.2977 360.203 54.3605 
cup 0.218409 328.61 36.0935 360.423 67.2594 
cup 0.0694034 26.6472 55.1942 51.891 87.3296 
wine_glass 0.0461122 327.868 27.0434 368.051 63.0862 
wine_glass 0.0564804 52.3973 35.5946 90.3321 84.1431 
cup 0.058506 327.525 36.6544 364.907 80.3346 
cup 0.209951 20.6082 58.3353 61.816 109 
cup 0.0745723 299.263 54.3181 335.419 109.991 
potted_plant 0.0527489 348.108 74.3224 469.086 133.91 
potted_plant 0.0640059 356.89 72.1373 478.551 134.481 
potted_plant 0.0770433 361.144 53.3232 468.884 112.578 
bowl 0.285794 76.1306 85.2885 197.939 149.486 
potted_plant 0.934448 214.724 87.5388 341.71 149.268 
potted_plant 0.954464 348.863 84.2794 479.372 150.24 
potted_plant 0.656395 355.833 79.6238 489.528 140.698 
potted_plant 0.036232 212.958 72.1773 357.812 188.139 
potted_plant 0.0594418 347.048 75.2392 478.097 193.73 
