potted_plant 0.154602 102.611 61.3604 132.689 80.6587 
person 0.0622521 244.019 60.3237 269.053 78.4324 
potted_plant 0.0705252 90.0507 71.7831 125.971 95.2581 
potted_plant 0.303964 100.957 66.7729 133.165 87.4896 
potted_plant 0.233491 372.943 67.5555 412.673 91.0567 
chair 0.175569 11.6139 90.9743 32.4563 139.413 
chair 0.0471273 45.4746 91.4871 77.091 117.315 
chair 0.0351466 50.7748 90.5173 83.2555 111.109 
chair 0.0351608 186.973 87.9671 217.004 109.875 
chair 0.0351837 328.121 88.7574 364.573 110.715 
chair 0.156249 13.5163 98.484 31.2717 136.048 
chair 0.270774 44.4601 98.3972 71.7102 138.574 
chair 0.061221 50.8955 100.015 77.3552 135.834 
potted_plant 0.0476467 373.878 69.5648 423.534 98.95 
chair 0.416598 12.2605 89.4864 35.8121 145.16 
chair 0.0384681 45.3031 94.9754 84.6754 136.771 
chair 0.03461 327.534 94.3462 372.007 137.927 
chair 0.897109 45.5276 98.7315 81.2726 136.684 
chair 0.0462153 49.2519 101.377 84.9138 141.975 
chair 0.037261 185.342 98.6041 225.225 138.551 
chair 0.120808 326.259 99.2691 368.883 140.221 
potted_plant 0.0345164 372.969 93.1967 465.288 164.953 
sofa 0.0879711 373.595 100.033 465.044 177.956 
potted_plant 0.100253 372.457 92.2687 458.562 175.075 
sofa 0.868015 105.672 104.101 216.732 169.899 
sofa 0.0659856 237.78 102.218 340.605 171.875 
sofa 0.930929 373.097 100.555 461.997 187.171 
