person 0.978845 313 188 376 295
person 0.960365 107 113 247 357
skis 0.554454 295 279 398 310
person 0.265655 321 136 335 172
person 0.213291 305 137 322 175
skis 0.190123 116 327 364 407
person 0.183623 258 133 277 167
backpack 0.182533 140 168 218 250
backpack 0.182392 340 207 373 238
skis 0.154098 43 295 381 386
person 0.121706 318 151 335 182
person 0.121036 250 165 269 200
person 0.117697 287 133 304 161
backpack 0.101576 336 202 376 255
person 0.0973764 276 131 292 161
skis 0.0970625 311 281 380 302
backpack 0.0970471 211 158 252 210
person 0.0922931 251 123 269 155
person 0.0863148 244 159 261 201
person 0.0831097 221 116 239 144
person 0.0781921 314 182 344 207
person 0.0748399 245 120 261 152
backpack 0.0706923 172 136 240 219
person 0.0701906 196 127 265 310
person 0.0600062 156 93 174 121
person 0.0577586 254 154 274 184
skis 0.0513513 77 312 265 360
person 0.0511946 205 106 226 133
