tvmonitor 0.0363544 295.753 29.2621 319.192 50.9882 
person 0.0523827 252.835 59.8493 286.632 88.0911 
chair 0.0482376 391.359 58.2594 424.644 81.1828 
person 0.0497924 409.388 61.5407 423.162 94.087 
chair 0.0516728 145.434 73.2745 164.756 105.556 
chair 0.127165 200.54 73.5089 243.701 98.8202 
chair 0.0335355 214.832 73.0135 253.676 99.0428 
chair 0.0386217 343.846 75.2789 384.698 99.0033 
chair 0.0367596 363 71.6418 397.416 95.4737 
chair 0.034348 393.696 67.8783 426.978 91.8358 
person 0.0329443 409.38 65.5969 422.396 102.848 
chair 0.140879 199.482 72.4907 254.586 105.741 
chair 0.054638 392.063 93.1737 441.794 142.603 
chair 0.0452118 114.314 100.802 169.996 140.75 
chair 0.485334 252.025 99.595 304.374 139.654 
chair 0.237574 391.516 99.2659 444.72 139.976 
