book 0.0258767 235.484 66.0583 309.505 81.9062 
book 0.0267346 246.225 66.8294 306.125 82.0069 
bench 0.0286296 380.886 65.4098 416 80.3778 
bench 0.0236298 387.448 67.6178 416 83.8935 
book 0.021505 199.412 88.3691 287.09 103.59 
person 0.0189064 402.705 90.2973 416 106.125 
dog 0.934313 57.1279 54.2275 121.825 89.2377 
teddy_bear 0.0351189 186.752 53.9547 237.799 90.8744 
person 0.997376 330.265 52.8997 386.512 89.6141 
dog 0.945512 56.0676 54.2409 135.168 89.0178 
dog 0.183646 72.5612 53.4667 180.017 91.8853 
bench 0.0249078 71.4422 88.6779 202.332 122.014 
bench 0.0315541 201.905 89.7896 328.136 119.957 
bench 0.0210054 203.341 101.978 333.458 131.543 
dog 0.55247 57.5753 52.7032 139.778 96.7316 
dog 0.0357935 73.5604 51.087 188.514 97.6685 
bench 0.0862452 211.323 45.0696 333.531 103.089 
person 0.0254953 337.479 43.7699 416 97.7099 
bench 0.0208451 72.8971 72.6584 202.254 118.07 
bench 0.111325 211.796 80.3735 343.359 122.334 
bench 0.0220858 341.367 80.8748 416 125.26 
bench 0.160623 71.5446 111.693 212.409 151.318 
bench 0.481369 209.019 110.321 345.804 149.403 
bench 0.0346247 345.666 112.514 416 148.182 
