person 0.0340949 7.12354 14.0551 23.9797 40.1414 
person 0.0897667 26.2925 10.8905 55.9149 30.6427 
person 0.408948 54.3747 12.7096 75.8035 36.3564 
person 0.0445263 104.022 7.97616 149.945 23.9598 
person 0.635039 121.567 11.8304 148.727 34.1322 
person 0.0833202 139.759 13.0489 162.418 36.6428 
person 0.0816432 152.558 12.3849 179.215 35.7459 
person 0.244757 170.967 12.3385 203.258 36.552 
person 0.0659729 183.307 11.4356 217.969 33.5372 
person 0.0852498 199.056 11.038 228.657 33.2875 
person 0.0425116 217.921 7.31044 256.006 22.3153 
person 0.203074 261.852 12.5749 292.24 34.8408 
person 0.0385655 310.734 11.722 343.328 31.405 
person 0.259957 332.031 12.4646 353.529 35.7212 
person 0.0343611 347.326 10.0143 376.068 31.726 
person 0.049686 357.633 7.49639 388.232 23.6872 
person 0.113641 393.949 9.22499 437.101 27.1913 
person 0.997366 7.14363 19.527 21.2943 54.9599 
person 0.866963 25.8113 19.1818 53.5952 52.3851 
person 0.996266 33.7653 20.3288 63.343 56.3592 
person 0.99378 55.3534 20.7957 76.8551 51.151 
person 0.591394 141.435 19.0987 159.26 48.8513 
person 0.138437 153.584 18.6061 177.51 48.2203 
person 0.922431 171.48 18.6109 203.408 49.9693 
person 0.205162 182.959 18.5758 212.95 48.1197 
person 0.289708 197.83 21.3268 222.49 49.6531 
person 0.121563 265.083 17.7278 296.944 45.6504 
person 0.159935 280.604 20.3708 300.34 47.5415 
person 0.15897 299.11 22.4356 329.863 44.5704 
person 0.999566 310.405 19.6308 342.993 49.226 
person 0.944407 333.088 19.76 355.61 50.6265 
person 0.143935 341.8 24.0906 366.373 50.2218 
person 0.0562992 29.7851 19.0721 68.119 55.2036 
person 0.936935 34.442 20.1901 70.6742 56.6567 
person 0.364923 172.602 17.1719 213.991 51.7384 
person 0.0663131 181.602 18.6779 233.558 52.9734 
person 0.377738 309.117 19.5402 349.931 52.8245 
person 0.0339122 380.975 43.5778 444.116 122.964 
person 0.0432588 72.7043 74.0867 182.821 162.691 
motorbike 0.0745271 88.6272 52.1665 197.205 120.863 
person 0.333181 106.297 49.4034 172.549 121.538 
person 0.0610388 243.572 48.9786 312.607 121.056 
person 0.241931 380.195 48.5445 446.71 132.13 
person 0.0537361 386.847 47.1929 440.684 131.919 
motorbike 0.133181 75.9553 79.1505 197.644 173.558 
person 0.0495078 203.745 79.711 325.01 175.391 
person 0.0440304 336.457 76.0111 440.024 159.004 
person 0.0363446 370.542 78.506 460.298 169.799 
handbag 0.0876105 174.331 123.103 274.647 157.523 
motorbike 0.755847 72.49 78.7909 209.977 192.872 
motorbike 0.0394938 148.607 82.9407 378.31 196.047 
person 0.0917855 180.222 83.1992 360.171 208.453 
person 0.997034 204.659 82.9464 345.449 202.032 
person 0.110342 339.016 77.6235 490.287 206.836 
person 0.0547497 360.154 76.3127 472.476 209.87 
