person 0.0213554 123.76 78.4286 156.545 101.146 
person 0.873072 124.466 85.4413 158.219 116.675 
skateboard 0.0256799 401.756 87.1983 416 119.449 
bench 0.353412 89.6565 99.4566 147.814 121.738 
bench 0.0564538 100.991 104.549 157.747 127.027 
bench 0.0192984 108.723 114.122 161.503 133.558 
bench 0.0210158 117.039 115.345 156.72 133.581 
person 0.0186706 396.182 56.2585 416 110.183 
person 0.0192023 103.729 91.0486 171.67 134.777 
person 0.998054 123.118 88.7592 159.267 127.625 
person 0.0222023 261.719 88.7274 294.15 128.319 
person 0.0199281 401.557 89.6419 416 136.698 
bench 0.444264 89.6583 102.725 153.304 133.515 
bench 0.0513043 101.548 103.553 172.618 138.216 
person 0.0187901 120.006 98.4078 159.264 155.31 
person 0.0211627 100.389 91.8488 175.847 140.42 
bench 0.0518355 92.2845 103.409 176.097 137.356 
bench 0.209933 100.163 103.133 179.257 142.454 
person 0.0186953 372.957 45.9632 416 117.229 
person 0.0195381 91.5001 91.298 157.216 152.311 
person 0.0441593 104.282 89.8939 169.418 150.754 
person 0.0223544 184.392 77.8655 286.195 166.418 
person 0.0256783 203.318 79.8766 322.433 170.665 
person 0.0227657 309.926 77.1133 410.892 163.58 
person 0.0203756 332.521 76.4444 416 163.682 
person 0.0301458 373.339 82.6039 416 154.776 
bench 0.0428021 90.2455 105.6 181.795 146.89 
bench 0.920438 104.991 105.551 185.257 146.699 
bench 0.0228149 138.844 110.801 270.273 159.093 
bench 0.0364471 206.382 114.214 344.247 152.887 
chair 0.025439 202.863 83.3167 353.693 190.592 
person 0.0319201 336.113 80.0441 416 200.434 
