baseball_glove 0.0206877 110.252 71.9396 156.905 90.485 
person 0.0254061 113.267 73.8223 161.371 96.6803 
bird 0.125212 250.33 71.5408 292.845 91.2538 
bird 0.0254186 389.103 73.565 416 97.4338 
person 0.0190657 113.299 76.2957 162.772 105.748 
bird 0.0379931 252.507 77.9523 301.864 109.35 
bird 0.109785 390.131 78.1332 416 115.918 
bird 0.0797953 390.222 82.7919 416 124.383 
person 0.0186173 392.647 102.608 416 186.308 
person 0.0207765 389.897 86.1255 416 166.987 
person 0.0221266 390.015 103.061 416 195.46 
