person 0.943498 10 98 137 339
person 0.856487 159 67 230 199
car 0.79631 377 27 410 51
person 0.76599 240 65 308 209
cup 0.69226 216 262 241 338
car 0.662554 316 35 342 65
cup 0.660387 153 216 171 256
car 0.611326 360 25 387 45
person 0.493889 136 6 176 73
car 0.490648 326 20 361 36
cup 0.357471 212 171 226 220
person 0.344444 220 90 394 405
dining_table 0.33962 41 188 316 412
person 0.339136 188 12 235 68
fork 0.318307 108 251 137 275
pizza 0.29905 173 214 229 253
car 0.23828 396 27 415 58
knife 0.227588 132 330 169 388
car 0.222095 358 21 386 36
cup 0.214456 221 240 246 265
fork 0.207593 104 266 133 287
car 0.200496 345 20 376 37
pizza 0.20006 178 219 220 245
knife 0.17947 120 318 154 370
fork 0.175389 115 253 149 277
car 0.172883 333 41 357 65
knife 0.161927 237 217 262 243
pizza 0.161835 195 379 233 406
pizza 0.130776 106 299 181 381
car 0.127577 268 10 322 88
fork 0.127332 159 268 182 286
pizza 0.123949 175 244 225 258
pizza 0.121455 198 216 233 243
pizza 0.120934 126 187 183 220
person 0.119876 87 6 118 65
dining_table 0.117369 0 116 50 164
person 0.113785 256 60 274 90
cup 0.112581 223 178 234 225
cup 0.107933 269 201 282 235
chair 0.0985955 370 249 415 416
chair 0.0969369 5 39 65 123
chair 0.0960083 0 180 20 380
person 0.0947594 186 17 208 59
chair 0.0874507 326 242 415 416
cup 0.0849229 143 217 162 254
person 0.081599 81 4 131 100
knife 0.0781854 130 382 178 409
pizza 0.0748474 88 336 138 382
person 0.0727502 88 24 109 61
cup 0.0715118 157 250 178 281
fork 0.0710154 250 296 275 329
knife 0.0709073 133 350 176 403
pizza 0.0707858 190 281 218 311
cup 0.0666554 218 288 236 337
chair 0.065747 13 68 65 108
dining_table 0.0652902 45 51 127 118
fork 0.0650939 235 275 255 313
fork 0.0649504 250 253 284 279
dining_table 0.063852 90 155 276 334
car 0.0618396 253 37 275 72
pizza 0.0613718 144 192 182 216
fork 0.0612173 186 380 219 409
fork 0.0611892 279 316 305 336
person 0.0604004 137 35 168 108
car 0.0577563 303 50 321 94
chair 0.0569269 0 193 23 276
person 0.0540584 181 19 245 117
chair 0.0535989 5 177 99 416
pizza 0.0528229 181 265 221 315
bowl 0.0527728 203 355 249 400
cup 0.0515147 126 214 146 247
chair 0.0507654 0 34 16 111
pizza 0.0507279 132 318 176 368
car 0.0505058 377 17 407 35
