keyboard 0.0683254 42.6451 130.957 121.834 147.469 
keyboard 0.0195595 52.3355 130.199 124.383 145.851 
book 0.0308715 183.978 129.904 264.427 147.964 
remote 0.0202358 324.293 130.563 408.904 147.66 
person 0.150089 114.927 101.795 167.405 169.807 
person 0.0251638 252.402 101.971 303.737 162.764 
cat 0.0196941 391.386 101.27 416 166.207 
cat 0.032993 108.717 103.973 171.432 174.651 
person 0.102902 114.686 102.694 165.824 174.48 
person 0.0197718 250.509 103.31 313.454 170.677 
cat 0.0256446 389.212 102.467 416 171.009 
tvmonitor 0.0190985 76.8848 77.6299 170.513 176.451 
person 0.549538 114.478 101.665 175.478 174.573 
person 0.0322746 138.88 101.583 247.339 174.613 
cat 0.128162 248.099 105.055 323.941 173.107 
person 0.0389659 266.521 105.546 391.351 173.146 
person 0.119765 302.823 102.994 416 169.908 
person 0.0310258 388.809 102.093 416 180.766 
keyboard 0.0333778 43.6948 136.651 133.642 165.621 
book 0.0234349 184.87 132.454 268.869 156.948 
tvmonitor 0.0189751 84.1762 72.9764 211.419 202.824 
