person 0.0507323 12 25 22 26 
person 0.0553991 42 25 20 22 
person 0.470677 73 25 27 23 
person 0.0873434 88 24 22 21 
person 0.066433 117 22 18 21 
person 0.121322 133 22 21 21 
person 0.053537 152 24 24 21 
person 0.0518669 212 24 24 22 
person 0.0657324 283 26 21 20 
person 0.100258 295 25 25 20 
person 0.109695 312 25 24 21 
person 0.0954065 325 26 25 20 
person 0.0572159 345 25 27 21 
person 0.134845 358 21 27 25 
person 0.383625 379 24 25 21 
person 0.74154 391 22 23 23 
person 0.0571584 405 21 17 23 
