umbrella 0.0191639 164.639 9.72329 220.178 28.895 
chair 0.0191864 405.287 17.3626 416 37.4842 
book 0.0235243 20.2053 73.1735 39.5157 117.879 
oven 0.0279265 19.3826 72.1079 49.9368 136.966 
oven 0.0188122 12.1822 84.2691 34.9549 183.969 
backpack 0.0417601 236.468 100.114 316.036 175.233 
handbag 0.0184547 375.817 99.019 416 177.336 
umbrella 0.0249313 179.56 16.2975 286.737 52.3401 
umbrella 0.0225905 307.329 12.79 414.193 44.1882 
horse 0.095143 103.809 92.7156 186.098 182.956 
backpack 0.0214796 240.836 93.6136 325.392 175.04 
handbag 0.0238724 376.492 90.9703 416 187.937 
horse 0.0200297 101.385 100.856 173.726 175.021 
backpack 0.0755625 240.91 101.058 321.617 170.285 
backpack 0.031363 377.093 100.369 416 190.139 
boat 0.0207086 305.616 75.5168 416 215.562 
