person 0.0978754 19.0488 74.3795 56.916 134.478 
laptop 0.0337945 69.8524 76.6425 198.355 151.376 
laptop 0.0938078 60.4152 86.7676 178.425 158.912 
laptop 0.723667 70.1671 87.3016 208.484 161.51 
laptop 0.0421122 86.3095 88.2936 217.87 161.238 
laptop 0.676459 200.187 88.8283 335.087 164.849 
laptop 0.0384555 213.687 88.9022 342.577 161.241 
laptop 0.044424 332.398 86.6034 484.428 159.381 
laptop 0.165868 342.517 86.7071 490.467 158.378 
person 0.0356205 70.1814 119.374 202.656 160.532 
laptop 0.142272 59.5972 84.9802 183.421 168.013 
laptop 0.999893 70.4013 88.2264 210.74 172.968 
laptop 0.0532087 185.826 87.0234 339.172 162.215 
laptop 0.999751 200.479 87.4478 332.397 164.765 
laptop 0.99959 336.717 86.0408 487.062 164.492 
person 0.0352409 58.5269 116.352 174.565 165.982 
laptop 0.0393357 70.3991 114.6 207.776 167.73 
laptop 0.0357598 341.388 117.507 473.839 164.477 
laptop 0.887202 70.7939 88.5828 210.268 194.134 
laptop 0.126322 112.156 84.709 322.078 203.521 
laptop 0.173517 144.885 85.2853 412.245 201.582 
laptop 0.81636 201.299 87.7792 371.431 187.687 
laptop 0.193878 233.51 83.0063 444.92 194.413 
laptop 0.0825157 273.782 82.8444 536.932 207.447 
laptop 0.626869 337.462 89.0125 485.077 191.874 
