cake 0.981047 189 266 310 323
bowl 0.72543 13 304 194 405
dining_table 0.576055 8 284 416 408
person 0.553374 274 79 409 315
knife 0.494749 315 318 416 338
person 0.439684 97 91 373 306
person 0.367914 4 33 153 320
clock 0.324423 37 0 88 26
bottle 0.251762 284 382 309 416
knife 0.206982 184 253 222 277
bowl 0.157157 109 278 191 314
knife 0.141804 164 244 208 293
knife 0.108514 180 255 219 304
knife 0.094498 132 246 219 293
knife 0.0752678 101 252 198 300
knife 0.0657899 106 212 200 284
person 0.0573655 2 120 103 407
fork 0.0529003 349 323 416 337
fork 0.0514193 334 307 415 320
