person 0.0528816 262.237 20.4426 299.428 59.8291 
pizza 0.998342 100.583 77.3204 179.174 153.58 
pizza 0.997944 99.9489 83.7131 177.484 162.158 
bowl 0.0358768 376.965 83.3555 454.868 172.351 
person 0.0378011 204.257 25.8987 368.1 76.7442 
person 0.0385555 377.152 52.3087 453.693 157.208 
pizza 0.999997 104.197 81.1715 183.731 158.257 
cake 0.49957 247.194 80.1529 342.242 161.878 
bowl 0.86758 376.888 82.3135 452.432 174.678 
dining_table 0.431088 147.88 78.8447 393.501 210.244 
dining_table 0.0399113 266.678 73.8151 451.517 199.575 
dining_table 0.0713437 336.25 74.2142 487.354 213.947 
