broccoli 0.0650954 71 39 51 16 
bowl 0.0551019 345 29 127 48 
bowl 0.346515 62 37 135 51 
bowl 0.98137 68 37 141 50 
bowl 0.993828 205 36 147 50 
bowl 0.989125 210 36 146 49 
bowl 0.840156 346 36 142 48 
bowl 0.89115 90 92 106 59 
bowl 0.878473 229 91 100 58 
bowl 0.0771747 362 91 110 57 
bowl 0.114275 371 89 86 53 
bowl 0.0641453 88 98 110 72 
bowl 0.134182 206 29 138 54 
bowl 0.175721 61 38 144 59 
bowl 0.999998 68 36 141 58 
bowl 0.999999 208 37 143 53 
bowl 0.999942 346 37 145 60 
bowl 0.731079 89 91 103 51 
bowl 0.999817 229 93 103 63 
bowl 0.999381 365 92 97 59 
cup 0.976881 88 98 109 76 
bowl 0.138076 229 97 106 59 
bowl 0.0937025 360 97 110 73 
