person 0.241891 214.493 59.0291 236.191 86.3383 
person 0.14876 102.875 61.4347 160.069 123.035 
person 0.0448358 238.331 61.1664 291.677 121.86 
person 0.0633386 242.776 60.9136 297.062 125.57 
person 0.535164 381.342 61.0096 436.668 124.696 
person 0.0546797 387.062 60.1142 435.045 125.895 
person 0.672107 104.808 69.0677 158.94 122.517 
person 0.218592 237.86 69.3662 288.103 126.167 
person 0.670911 243.083 68.3121 296.075 125.77 
person 0.359741 380.648 70.7718 433.702 124.333 
person 0.0460172 387.641 69.9041 436.269 122.478 
person 0.999529 102.287 61.8617 165.07 130.193 
person 0.265213 237.298 60.3904 302.715 130.968 
person 0.999425 243.145 59.6592 304.495 132.716 
person 0.97943 380.813 60.7177 442.157 129.938 
person 0.204464 385.301 59.7529 444.846 133.307 
person 0.373988 102.541 66.0824 163.292 131.545 
person 0.0386197 236.96 66.2267 299.282 134.761 
person 0.448366 243.677 65.8776 305.13 131.316 
person 0.0438849 380.465 66.438 441.76 131.666 
person 0.999991 103.029 61.0321 164.368 132.101 
person 0.999999 243.531 59.8796 304.762 137.649 
person 0.999218 379.245 59.5256 442.414 131.127 
person 0.369946 385.511 57.876 442.23 130.733 
person 0.751546 102.35 65.4198 160.663 130.219 
person 0.438664 241.762 64.9534 298.061 136.315 
person 0.0838209 379.395 65.101 441.9 128.436 
