tvmonitor 0.0252995 104.849 38.4335 170.061 61.12 
tvmonitor 0.019386 244.822 39.3011 305.63 60.5661 
tvmonitor 0.020532 378.153 29.8609 416 64.2577 
tvmonitor 0.0425777 102.814 35.9998 173.366 69.1831 
tvmonitor 0.0199786 378.334 35.3169 416 70.2097 
tvmonitor 0.0248353 238.053 29.7887 322.028 77.2196 
tvmonitor 0.0721952 241.856 29.6569 319.014 75.733 
tvmonitor 0.0205897 378.522 30.0276 416 72.9355 
tvmonitor 0.0530815 101.364 36.3163 175.6 72.7389 
tvmonitor 0.0858354 238.395 35.6863 318.967 77.197 
tvmonitor 0.396104 241.833 35.6366 318.283 71.334 
tvmonitor 0.0263055 378.382 35.5135 416 72.6339 
tvmonitor 0.022795 105.501 30.1803 186.612 80.1697 
tvmonitor 0.335315 244.132 29.3933 324.8 80.6599 
tvmonitor 0.051502 379.107 29.1983 416 74.9483 
tvmonitor 0.226808 103.653 36.9605 181.931 76.8613 
tvmonitor 0.942621 242.135 35.317 319.844 78.3631 
tvmonitor 0.0720306 379.643 37.1633 416 83.3494 
