stop_sign 0.998758 109.959 45.1198 156.889 74.9886 
stop_sign 0.907572 248.923 45.6318 294.023 72.2331 
stop_sign 0.999896 387.896 44.2338 433.381 72.4379 
stop_sign 0.0385292 109.733 49.5411 154.513 72.1944 
stop_sign 0.0479565 389.906 51.3238 430.855 70.6124 
car 0.0676374 280.646 78.3755 320.558 92.0458 
car 0.0636552 295.379 78.7954 332.413 95.0776 
car 0.0546368 392.732 75.8621 432.71 94.4069 
car 0.12947 405.862 73.1686 424.488 100.433 
car 0.0686974 40.4219 84.5323 101.398 96.0751 
car 0.502396 61.0274 84.7967 115.355 98.3656 
car 0.982817 68.3635 83.798 122.201 96.6474 
car 0.102566 84.4472 83.3953 121.711 94.7909 
car 0.110268 120.62 82.5852 157.605 100.059 
car 0.0407305 153.218 81.3921 181.558 93.675 
car 0.0757648 168.8 82.7952 202.374 94.6269 
car 0.0452218 181.065 83.2173 215.434 94.81 
car 0.618886 204.297 82.6885 248.747 93.9121 
car 0.99999 214.829 82.9923 251.87 93.8641 
car 0.0766408 229.892 81.9116 261.303 94.8873 
car 0.254222 296.603 81.2372 328.682 93.3183 
car 0.374317 312.634 82.2958 351.53 93.3772 
car 0.974928 331.19 83.2461 383.645 94.4738 
car 0.999403 342.886 82.6456 392.636 93.6744 
car 0.100475 357.556 81.6876 401.458 92.9618 
car 0.0421586 392.922 81.3112 431.698 101.173 
stop_sign 0.999999 110.047 45.7143 158.938 78.3732 
stop_sign 0.0946017 112.127 45.6531 162.771 80.2855 
stop_sign 0.0738922 248.669 45.3176 297.658 77.904 
stop_sign 0.996629 388.485 45.4526 436.178 78.1783 
