bottle 0.0354492 154.786 75.9688 191.257 99.9641 
bottle 0.0360305 155.702 75.4815 201.38 115.315 
cup 0.106286 67.6687 99.6641 128.863 136.983 
cup 0.671957 205.564 98.8934 265.479 131.465 
cup 0.114127 209.293 98.8234 271.065 132.114 
cup 0.969596 344.021 99.1906 407.371 133.108 
potted_plant 0.0542737 93.8154 58.1054 185.058 100.021 
tvmonitor 0.0600089 97.741 56.809 184.958 99.8311 
potted_plant 0.997038 235.093 57.4884 320.529 94.9846 
potted_plant 0.0785316 41.9529 50.1399 125.368 145.252 
potted_plant 0.0579988 93.4787 56.555 183.53 109.72 
tvmonitor 0.0443377 98.5563 57.6122 193.056 101.442 
potted_plant 0.265045 234.004 55.7291 321.624 106.012 
tvmonitor 0.102801 370.759 54.082 458.609 115.079 
potted_plant 0.244321 52.997 87.9187 158.313 129.107 
potted_plant 0.397126 80.3413 83.7731 209.073 136.702 
potted_plant 0.335326 216.532 88.8197 329.897 127.866 
potted_plant 0.0760445 230.11 79.0732 336.569 120.805 
dining_table 0.0924612 213.466 103.719 337.678 146.578 
