person 0.992365 109.642 21.1145 166.228 66.0582 
person 0.79308 113.481 20.8351 173.019 65.6734 
person 0.896672 250.57 21.4429 307.852 65.6572 
person 0.0740218 382.847 21.2848 435.934 67.381 
person 0.992865 387.93 21.7626 445.882 66.4812 
person 0.0352584 164.531 109.004 212.267 163.756 
person 0.0376067 76.6769 89.5094 185.857 185.334 
person 0.999925 86.6281 89.3291 197.389 185.141 
person 0.700742 221.316 88.0358 324.422 186.876 
person 0.99983 228.644 89.4534 334.593 186.553 
person 0.998953 363.751 88.523 476.615 187.468 
person 0.0463409 369.647 89.3835 470.934 190.51 
person 0.0560702 85.9519 99.1906 205.754 187.434 
person 0.0626592 227.785 99.2227 342.253 191.657 
person 0.0393591 363.916 98.8185 479.34 189.971 
person 0.0837703 115.421 20.2842 187.379 62.2989 
person 0.0352431 249.396 19.8154 326.107 62.3594 
person 0.999999 85.6499 91.8618 194.341 194.573 
person 0.9727 218.962 89.4778 324.846 183.966 
person 0.999999 228.917 91.7751 330.389 190.485 
person 0.999999 364.462 90.4445 470.601 189.317 
person 0.811291 84.9902 97.2219 195.513 193.218 
person 0.251177 229.379 98.9237 338.815 180.688 
person 0.0762933 364.881 96.9861 471.877 200.671 
person 0.999435 81.2615 86.8434 193.593 196.459 
person 0.043523 143.78 76.2134 332.253 215.188 
person 0.590447 215.848 81.1933 348.029 203.035 
person 0.828188 228.683 82.1742 346.891 196.32 
person 0.0385232 269.739 79.1694 453.947 209.217 
person 0.044113 343.087 79.0635 490.88 212.431 
person 0.971272 362.404 82.2071 467.055 205.583 
