motorbike 0.945671 393.302 75.4643 45.791 41.6604 
motorbike 0.636282 201.792 75.6693 156.462 40.6328 
motorbike 0.938551 215.553 76.6741 123.651 40.6217 
motorbike 0.271317 328.118 74.2284 148.023 40.8226 
motorbike 0.956577 346.966 75.8397 124.618 40.5582 
motorbike 0.89359 357.557 76.2287 114.065 38.3017 
motorbike 0.00561697 70.2087 76.7758 127.243 41.6843 
motorbike 0.999997 210.085 80.177 136.732 37.7673 
motorbike 0.613562 229.655 76.8512 105.578 34.4165 
motorbike 0.295248 309.805 74.0547 138.495 38.0677 
motorbike 0.995738 341.659 79.2613 135.626 39.4565 
motorbike 0.993512 359.854 79.4135 105.332 36.6462 
