cup 0.137671 92 106 32 28 
cup 0.119253 366 107 33 29 
cup 0.214106 370 105 33 28 
cup 0.0675698 397 109 38 21 
sink 0.0722804 72 136 133 10 
sink 0.060221 72 138 143 20 
sink 0.0677014 121 136 233 29 
sink 0.0816213 136 138 270 27 
sink 0.0508697 294 135 241 31 
sink 0.0505578 150 148 265 27 
sink 0.0517893 239 116 76 41 
sink 0.185539 114 138 246 30 
sink 0.475417 140 139 303 27 
sink 0.165756 175 140 210 21 
sink 0.316947 205 142 158 18 
sink 0.165464 239 138 238 28 
sink 0.343315 274 138 312 29 
sink 0.0993432 299 137 238 26 
