teddy_bear 0.0202277 71.7915 24.8512 209.611 78.5916 
laptop 0.0814347 73.8134 74.1867 208.325 151.011 
laptop 0.01899 82.6378 75.2981 225.679 149.709 
laptop 0.0402249 215.58 75.3737 339.271 148.509 
laptop 0.0186134 346.367 73.1061 416 153.533 
laptop 0.0483499 73.9245 85.2877 209.29 158.498 
laptop 0.018722 83.4111 83.8837 225.187 151.878 
laptop 0.0662219 216.003 85.5316 340.188 164.044 
laptop 0.0199794 227.093 84.1109 360.521 154.885 
laptop 0.0221814 347.164 88.516 416 160.259 
laptop 0.0315787 356.549 87.4263 416 161.113 
laptop 0.019417 346.986 104.611 416 160.058 
teddy_bear 0.0220755 56.3339 18.3153 165.085 59.6477 
teddy_bear 0.132918 74.3027 23.1172 200.089 70.7162 
laptop 0.643855 72.8671 83.4973 208.312 162.701 
laptop 0.999832 211.928 89.0758 347.521 170.826 
laptop 0.0776968 229.902 87.1574 382.16 166.364 
laptop 0.990752 348.562 87.4769 416 173.554 
laptop 0.495808 356.784 87.8853 416 172.365 
laptop 0.0189329 70.9436 59.975 209.884 183.059 
laptop 0.0220461 145.952 54.2933 416 150.707 
laptop 0.0272978 207.158 59.3408 383.618 177.356 
laptop 0.0428132 271.852 55.316 416 156.35 
laptop 0.996035 70.077 74.1411 210.151 181.634 
laptop 0.0220714 104.543 73.829 305.77 189.136 
laptop 0.212868 143.899 74.8481 416 196.784 
laptop 0.88144 209.382 75.4462 355.678 190.343 
laptop 0.0476404 230.449 76.3895 416 182.108 
laptop 0.758995 269.495 76.5827 416 195.178 
laptop 0.981036 347.836 72.6706 416 194.815 
laptop 0.031764 353.047 73.5712 416 198.372 
