person 0.0451758 403.11 73.914 428.392 145 
person 0.353029 402.036 87.4704 429.9 173.101 
sofa 0.0469714 59.1714 91.8363 165.377 153.019 
sofa 0.291918 60.3224 103.33 172.527 159.089 
sofa 0.10414 70.1271 103.112 186.046 164.818 
bed 0.0508764 55.9077 93.4641 157.279 164.39 
bed 0.741708 70.3593 93.1018 217.06 166.856 
bed 0.0810089 200.106 90.9148 338.141 162.839 
sofa 0.208503 58.9174 102.078 173.929 168.362 
bed 0.497584 70.1886 110.458 198.173 159.046 
bed 0.0985404 201.912 107.319 338.296 154.92 
bed 0.0343642 71.9195 79.8854 216.881 192.421 
