person 0.994218 64 211 110 351
person 0.994208 116 242 196 341
person 0.978248 183 188 244 326
baseball_glove 0.637172 173 251 192 276
person 0.410016 138 189 162 249
person 0.403837 62 210 77 257
person 0.308562 30 209 47 261
baseball_bat 0.300347 226 242 266 256
person 0.225426 174 192 188 243
person 0.22408 0 219 14 267
person 0.219098 16 223 32 265
person 0.199204 159 192 176 242
person 0.198354 242 190 258 235
person 0.197205 268 193 285 231
person 0.178944 291 195 307 227
person 0.147917 255 191 271 232
person 0.138947 50 211 67 257
person 0.125621 308 195 323 227
baseball_bat 0.0989184 219 236 241 260
person 0.0611772 73 45 92 67
person 0.0559349 39 209 66 263
person 0.0543484 159 122 182 148
person 0.0541366 66 39 83 67
person 0.0519051 192 191 207 236
person 0.0507627 220 184 239 216
