umbrella 0.0603259 38 5 104 11 
person 0.0730849 6 39 12 35 
person 0.233366 52 42 36 22 
person 0.14437 104 45 19 23 
person 0.184883 125 44 25 28 
person 0.0544091 186 44 37 19 
person 0.140988 245 41 20 21 
person 0.132156 263 40 31 29 
person 0.149713 326 42 33 17 
person 0.113734 375 43 21 23 
person 0.0935667 393 43 25 25 
person 0.38855 403 43 24 26 
person 0.0511537 7 55 13 37 
person 0.375989 22 55 32 19 
person 0.0537574 40 51 35 22 
person 0.0842434 51 50 34 25 
person 0.0988329 105 52 21 26 
person 0.10935 124 51 25 30 
person 0.0788851 298 57 38 22 
person 0.0521963 377 52 24 21 
person 0.0808284 393 57 34 22 
person 0.249985 403 52 23 37 
chair 0.0697635 115 74 33 20 
chair 0.361032 391 70 34 18 
chair 0.0895333 406 71 19 27 
chair 0.147745 121 89 38 19 
chair 0.121929 395 88 36 21 
chair 0.072429 404 91 21 32 
bowl 0.0512984 76 116 92 16 
bowl 0.066222 83 116 85 17 
cup 0.0866407 148 125 25 16 
bowl 0.102016 216 116 82 19 
cup 0.0624734 122 131 26 21 
cup 0.0568837 262 133 33 22 
person 0.109909 264 43 35 44 
person 0.0518603 22 60 44 37 
person 0.0964072 121 55 35 49 
person 0.209144 262 52 33 53 
person 0.18951 403 54 25 52 
person 0.151346 23 69 46 46 
chair 0.0545375 395 87 43 41 
person 0.0907593 38 76 73 69 
person 0.0916487 59 76 106 72 
person 0.215641 71 76 94 71 
person 0.122612 85 75 75 67 
person 0.0533659 172 77 70 66 
person 0.0540544 200 75 109 74 
person 0.145654 216 74 93 72 
person 0.0669039 228 75 83 69 
person 0.114066 313 77 77 69 
person 0.0584789 329 75 109 77 
person 0.106285 345 75 105 74 
person 0.226612 358 75 88 69 
person 0.0669388 29 85 59 80 
person 0.0865403 38 83 72 75 
person 0.189794 59 83 116 73 
person 0.120788 71 83 104 78 
person 0.277275 171 85 71 69 
person 0.0727227 181 84 91 72 
person 0.0680008 200 82 117 78 
person 0.0595723 214 82 101 82 
person 0.150553 312 84 75 70 
person 0.105564 330 84 119 73 
person 0.0916805 344 83 118 82 
person 0.0598947 356 83 102 71 
bowl 0.0695107 74 118 107 27 
bowl 0.137366 219 117 103 25 
umbrella 0.0555111 45 16 92 34 
person 0.106153 28 83 56 84 
person 0.749034 51 81 100 78 
person 0.809096 73 80 100 77 
person 0.684781 175 82 71 74 
person 0.815288 209 81 121 81 
person 0.099205 227 77 84 69 
person 0.249229 312 82 76 72 
person 0.857627 339 82 140 84 
person 0.399111 358 81 91 79 
handbag 0.0864787 74 115 112 36 
bowl 0.113605 217 113 106 30 
handbag 0.0778153 342 113 138 42 
dining_table 0.0527399 147 133 283 34 
person 0.0645998 205 84 135 100 
person 0.443348 343 87 132 98 
