donut 0.0799501 87 57 108 40 
cake 0.772274 227 55 98 39 
cake 0.217612 362 56 106 42 
donut 0.136463 74 93 125 48 
donut 0.378266 83 93 116 53 
donut 0.917568 73 100 129 54 
donut 0.480816 82 101 121 54 
donut 0.211051 346 100 131 55 
donut 0.0610475 355 99 128 49 
donut 0.412931 85 56 110 51 
cake 0.953513 227 56 106 45 
cake 0.713731 362 54 113 55 
donut 0.987482 79 91 123 68 
cake 0.479218 211 91 124 56 
cake 0.0653917 344 92 137 64 
cake 0.224261 358 85 122 69 
donut 0.999924 74 100 132 52 
donut 0.764214 211 100 129 54 
cake 0.0586115 345 100 138 55 
