toilet 0.0473357 30.9633 89.4465 93.632 193.06 
car 0.0389002 33.3518 90.5151 97.4861 189.55 
toilet 0.0260171 308.824 91.3492 372.827 181.433 
person 0.0194467 368.806 44.1451 416 128.118 
toilet 0.0634611 31.0732 91.2361 93.815 201.36 
car 0.0331636 33.2985 90.5265 98.5231 204.07 
toilet 0.0359299 306.954 92.9721 372.313 185.266 
toilet 0.0204666 305.489 97.256 369.092 177.267 
tie 0.022153 210.183 68.9928 354.035 200.845 
bed 0.0788082 235.199 70.6542 416 206.669 
sofa 0.0195843 345.942 71.796 416 216.771 
