chair 0.0815624 22 9 35 17 
person 0.110556 52 11 45 23 
person 0.0795166 91 9 45 22 
person 0.0935824 99 10 39 21 
person 0.05687 121 9 32 20 
chair 0.0784855 155 8 30 17 
chair 0.101797 295 8 35 16 
person 0.0802852 11 25 24 39 
person 0.0582371 38 37 34 24 
person 0.114765 89 40 30 26 
umbrella 0.113413 185 37 53 24 
person 0.153994 227 40 21 29 
person 0.0624864 12 73 25 34 
person 0.050936 19 75 35 29 
person 0.0783542 39 70 25 32 
person 0.0682146 23 25 50 42 
person 0.453358 75 29 45 42 
person 0.0516026 82 26 50 46 
person 0.131635 212 27 47 38 
person 0.0631333 74 32 53 40 
person 0.0511141 85 37 53 35 
umbrella 0.0789878 185 36 54 31 
person 0.0540064 12 75 26 53 
person 0.0663112 22 74 47 39 
person 0.0535541 70 76 60 47 
person 0.0719349 10 87 21 67 
person 0.230773 22 90 46 59 
person 0.0943128 69 83 58 56 
person 0.0870491 204 84 55 50 
person 0.130702 25 104 52 46 
person 0.0879134 165 103 55 47 
person 0.0513919 300 104 51 45 
person 0.290359 69 88 63 67 
person 0.0548266 202 88 71 67 
person 0.0647916 41 102 83 59 
person 0.105894 106 102 75 83 
person 0.1647 117 102 75 86 
person 0.0975905 138 101 109 76 
person 0.0645665 172 103 94 56 
person 0.065168 184 103 98 62 
person 0.312169 251 102 59 89 
person 0.121071 260 101 73 88 
person 0.105488 389 103 51 88 
person 0.0791861 55 90 87 79 
person 0.392842 69 89 62 72 
person 0.0597964 140 87 80 72 
person 0.133934 186 87 83 74 
person 0.0852748 198 83 75 70 
person 0.0700694 49 103 94 57 
person 0.0926884 74 101 86 71 
person 0.377113 115 100 73 79 
person 0.0958133 139 101 108 77 
person 0.0855971 177 102 83 68 
person 0.235953 251 103 63 75 
person 0.219916 260 101 72 79 
person 0.059478 306 103 86 64 
person 0.126818 389 106 49 88 
