cup 0.0391102 308.559 66.7329 359.728 92.654 
cup 0.0342283 30.2972 69.5332 89.7119 108.586 
cup 0.253243 172.097 67.6298 234.251 104.332 
cup 0.28926 308.025 67.7905 365.631 101.12 
person 0.0184129 139.334 22.687 363.008 69.0667 
bowl 0.0197615 50.9618 48.3659 142.878 108.523 
teddy_bear 0.102617 76.1499 41.4682 214.686 128.555 
bird 0.0190182 106.929 40.1769 219.431 121.977 
person 0.293146 209.646 42.1683 333.849 126.779 
bird 0.0351957 336.801 39.8615 416 122.602 
bird 0.0390755 372.067 43.9749 416 136.491 
bowl 0.0307778 49.9822 77.9753 150.576 131.402 
teddy_bear 0.0594371 74.2458 46.0989 218.844 141.36 
teddy_bear 0.0202585 110.827 46.2883 340.701 140.61 
person 0.021608 137.64 45.8064 416 132.459 
person 0.0851707 211.747 48.2722 370.814 145.542 
person 0.0411907 347.016 53.7115 416 167.725 
bird 0.0224447 353.686 54.9961 416 175.737 
dining_table 0.0206545 141.336 71.4327 416 173.151 
person 0.022168 345.529 73.3306 416 210.771 
