person 0.0420822 150.199 34.9212 176.326 55.9996 
bottle 0.794538 13.1606 105.866 36.5362 139.032 
bottle 0.979513 17.9872 108.869 41.3546 137.057 
bottle 0.481458 156.195 109.104 186.288 137.427 
bottle 0.873926 293.731 108.729 322.059 142.743 
bottle 0.0728006 157.846 93.2847 200.461 145.183 
bottle 0.572067 296.956 92.1904 339.75 143.565 
bottle 0.317536 154.995 100.783 190.928 145.367 
bottle 0.979506 294.953 100.319 328.947 148.101 
suitcase 0.0499746 73.8628 61.1864 211.991 103.054 
suitcase 0.0712859 72.4383 66.9946 210.051 107.698 
suitcase 0.905849 74.0345 59.2746 207.613 98.2687 
suitcase 0.182187 74.6801 68.3346 204.908 115.657 
bed 0.0621651 271.807 85.1125 644.118 170.739 
