clock 0.0998739 126.537 12.2887 152.666 37.6492 
clock 0.0369096 129.871 12.4299 165.783 36.5407 
boat 0.0377794 249.024 70.1955 305.892 84.4884 
chair 0.0437646 71.1648 100.165 123.521 125.149 
boat 0.0334015 212.331 100.302 270.231 121.598 
chair 0.506144 69.688 101.912 126.364 137.041 
boat 0.140549 218.38 91.8358 319.344 126.681 
boat 0.184838 229.506 89.1213 336.454 120.497 
boat 0.0352189 218.879 89.9004 307.171 141.395 
boat 0.144955 234.35 83.2798 329.515 124.198 
chair 0.110555 81.9633 109.214 178.827 161.215 
boat 0.0577766 215.615 107.838 309.088 159.894 
boat 0.0350045 235.902 104.578 358.062 167.43 
