person 0.0899596 26 10 29 19 
person 0.409231 54 12 21 23 
person 0.636037 121 11 27 22 
person 0.0833391 139 13 22 23 
person 0.0815426 152 12 26 23 
person 0.244327 170 12 32 24 
person 0.0656546 183 11 34 22 
person 0.0849059 199 11 29 22 
person 0.202925 261 12 30 22 
person 0.260705 332 12 21 23 
person 0.114055 393 9 43 17 
person 0.997451 7 19 14 35 
person 0.875678 25 19 27 33 
person 0.996455 33 20 29 36 
person 0.99346 55 20 21 30 
person 0.602857 141 19 17 29 
person 0.139172 153 18 23 29 
person 0.918544 171 18 31 31 
person 0.197989 182 18 29 29 
person 0.276602 197 21 24 28 
person 0.121512 265 17 31 27 
person 0.16076 280 20 19 27 
person 0.158416 299 22 30 22 
person 0.999557 310 19 32 29 
person 0.945909 333 19 22 30 
person 0.149192 341 24 24 26 
person 0.06049 29 19 38 36 
person 0.944732 34 20 36 36 
person 0.362722 172 17 41 34 
person 0.0650199 181 18 51 34 
person 0.376064 309 19 40 33 
motorbike 0.0819853 88 52 107 69 
person 0.225073 106 49 67 71 
person 0.289073 380 49 66 83 
person 0.0660376 386 47 53 84 
motorbike 0.100642 76 80 124 92 
person 0.0843699 204 77 125 91 
motorbike 0.75579 74 79 138 114 
motorbike 0.0746296 148 80 236 116 
person 0.975271 205 76 149 112 
person 0.0659493 337 77 156 130 
