person 0.0937877 123 57 32 30 
person 0.209854 262 56 29 28 
person 0.106631 395 56 39 30 
person 0.138174 403 58 23 34 
laptop 0.114657 121 75 38 18 
chair 0.171165 397 120 39 31 
person 0.99324 118 61 44 40 
person 0.0514391 252 62 50 36 
person 0.710788 258 61 42 38 
person 0.99967 393 61 43 42 
person 0.928776 119 67 43 50 
person 0.052527 252 68 52 44 
person 0.956985 393 66 43 50 
chair 0.421283 23 107 49 72 
chair 0.37432 162 105 48 65 
chair 0.309623 300 104 46 69 
chair 0.0781302 71 117 52 41 
chair 0.171916 120 120 43 37 
chair 0.0954812 259 119 42 39 
chair 0.731999 395 121 43 36 
person 0.0931925 87 77 82 69 
person 0.069556 78 88 75 84 
person 0.999972 85 87 78 84 
person 0.990509 218 87 75 80 
person 0.99541 226 88 80 82 
person 0.999953 361 88 76 80 
person 0.124179 371 88 86 76 
chair 0.103717 25 106 52 75 
person 0.0567717 87 100 82 89 
chair 0.0576893 219 100 82 79 
chair 0.0601511 313 106 77 72 
chair 0.157777 328 107 87 74 
person 0.200284 361 100 83 78 
person 0.999999 84 88 76 84 
person 0.999886 219 90 73 83 
person 0.998596 229 89 81 82 
person 0.188999 349 90 70 78 
person 0.999999 359 87 75 79 
chair 0.4697 26 109 55 72 
chair 0.307405 42 111 87 61 
chair 0.0991983 81 99 85 87 
chair 0.0593501 172 106 72 66 
chair 0.997265 215 100 85 75 
person 0.0617395 229 99 92 82 
dining_table 0.295028 277 104 109 65 
chair 0.050348 311 106 82 64 
chair 0.999752 338 104 86 68 
person 0.112777 362 102 91 82 
