person 0.0280563 258.905 36.2396 292.866 59.3473 
car 0.0196099 357.485 37.3907 416 54.392 
bed 0.0197812 84.4848 36.0406 197.499 70.5666 
car 0.0200591 358.768 35.0253 416 64.8916 
chair 0.0194516 76.1649 28.4483 181.57 70.3033 
chair 0.0184373 358.483 26.6211 416 68.9317 
bed 0.0430987 74.6221 38.3119 188.09 94.5213 
person 0.018746 211.869 38.7605 331.736 90.703 
chair 0.0193032 82.0212 81.8386 185.268 172.166 
tvmonitor 0.0192531 208.917 61.5789 362.878 179.949 
bed 0.0889554 73.4526 69.5857 198.525 205.419 
bed 0.0262884 147.124 71.0557 416 203.259 
tvmonitor 0.761854 207.893 71.2838 352.097 206.848 
tvmonitor 0.0367282 274.093 72.5801 416 206.257 
tvmonitor 0.13666 343.924 73.0373 416 211.408 
tvmonitor 0.021656 273.096 74.4633 416 246.79 
