potted_plant 0.0203788 18.036 5.52284 58.0295 16.6696 
tvmonitor 0.0445724 379.654 19.8537 416 56.9085 
person 0.0185394 101.119 20.3351 183.1 53.8077 
chair 0.0238535 294.733 22.5012 416 66.2255 
chair 0.0334292 378.778 20.1835 416 57.5193 
banana 0.0200927 215.943 84.996 333.031 141.1 
person 0.0187541 79.6869 23.7438 219.826 62.2493 
person 0.0682262 111.846 21.0601 203.535 56.48 
person 0.0536145 244.138 21.7966 344.304 63.1362 
person 0.0475904 275.67 19.3763 416 59.9542 
chair 0.0280754 300.3 21.4352 416 62.7377 
chair 0.0222423 374.133 23.8115 416 63.0145 
broccoli 0.0188956 207.992 53.972 337.432 88.7326 
banana 0.168321 212.833 78.6485 324.688 142.415 
banana 0.0283608 208.908 109.218 343.846 169.768 
bed 0.0189566 270.848 88.0125 416 198.836 
person 0.0242886 341.106 89.2017 416 201.521 
