car 0.0186851 57.6797 29.2189 188.91 94.7536 
car 0.0342667 73.4555 39.2383 219.182 103.413 
car 0.0205015 57.6329 27.2124 173.05 82.2592 
car 0.0218829 75.1314 27.8817 242.435 86.1652 
car 0.0822942 56.0508 39.8226 176.91 115.562 
car 0.235166 84.4935 42.3866 198.222 111.076 
car 0.0205173 99.8619 43.7032 197.535 107.943 
handbag 0.0233319 215.734 40.8847 351.297 112.631 
car 0.0188932 229.698 39.0603 332.614 106.038 
car 0.0233877 309.963 39.4271 416 113.857 
car 0.0349761 344.881 40.2433 416 115.172 
handbag 0.0673155 362.119 40.2564 416 111.822 
car 0.030455 148.933 42.3715 416 125.083 
car 0.037238 274.752 41.4574 416 123.27 
car 0.0282968 302.255 42.7239 416 131.102 
suitcase 0.0196331 205.399 71.3183 364.588 194.318 
