bicycle 0.063676 346 55 100 50 
bicycle 0.054338 357 56 107 50 
motorbike 0.197123 216 73 102 72 
motorbike 0.0707741 347 71 100 67 
motorbike 0.088857 358 72 105 58 
motorbike 0.360633 217 87 102 74 
motorbike 0.0660169 229 89 102 79 
motorbike 0.487574 360 88 104 66 
motorbike 0.279858 230 106 99 65 
motorbike 0.277297 361 102 103 62 
motorbike 0.0596182 213 50 105 44 
motorbike 0.0896252 342 51 93 41 
motorbike 0.122272 82 82 99 86 
motorbike 0.791424 217 80 102 84 
motorbike 0.0937026 227 83 95 87 
motorbike 0.0640004 346 76 98 80 
motorbike 0.990897 360 82 100 72 
motorbike 0.0710463 91 104 93 59 
motorbike 0.831199 231 106 79 62 
motorbike 0.969385 363 102 103 72 
