chair 0.0207013 404.716 71.6146 416 108.58 
person 0.0250042 19.4799 60.3194 60.9428 150.569 
person 0.103779 19.0493 74.3836 56.9372 134.511 
chair 0.0240295 402.566 86.9433 416 154.373 
laptop 0.0299145 69.8856 76.6328 198.585 151.609 
laptop 0.0189151 199.5 75.4348 327.342 132.852 
laptop 0.0205002 331.899 75.3579 416 131.998 
laptop 0.0229998 341.305 76.0695 416 136.031 
laptop 0.0825019 60.4347 86.9124 178.634 159.972 
laptop 0.6626 70.1845 87.452 208.583 162.326 
laptop 0.0406507 86.2039 88.3504 217.847 161.71 
laptop 0.022144 188.393 88.07 333.038 164.495 
laptop 0.634671 200.199 88.9529 336.295 165.467 
laptop 0.0355799 213.625 88.9836 344.038 161.544 
laptop 0.0425993 332.388 86.6718 416 159.89 
laptop 0.149718 342.499 86.7118 416 158.554 
laptop 0.0223725 358.781 88.5093 416 164.775 
person 0.0356109 70.281 119.059 202.15 160.534 
keyboard 0.0206828 202.291 120.614 324.395 159.515 
keyboard 0.0193237 212.874 121.25 352.649 160.391 
laptop 0.020294 343.254 121.16 416 159.156 
laptop 0.093303 59.2256 85.3805 182.309 168.399 
laptop 0.999859 70.5497 88.7168 211.75 173.795 
laptop 0.020552 111.139 81.9558 239.898 166.604 
laptop 0.0462967 185.765 87.5549 340.112 163.747 
laptop 0.999723 200.669 87.9119 334.27 166.186 
laptop 0.023327 233.416 83.8602 360.974 171.088 
laptop 0.99953 336.524 86.3741 416 165.362 
laptop 0.0286801 360.661 84.3496 416 164.856 
person 0.0303195 58.8013 114.736 175.003 166.195 
laptop 0.0433032 70.4777 112.861 208.825 166.691 
laptop 0.0241417 202.637 116.152 334.162 159.285 
laptop 0.0320932 340.763 116.787 416 164.176 
person 0.023598 61.3948 86.5235 188.826 207.773 
laptop 0.927546 70.6644 88.6861 209.244 194.114 
laptop 0.128478 111.799 84.5178 320.948 204.286 
laptop 0.180797 145.688 85.1447 407.551 202.784 
laptop 0.0367456 185.462 88.8775 372.932 188.624 
laptop 0.94161 201.204 87.798 372.057 187.829 
laptop 0.259563 233.641 83.0199 416 194.299 
laptop 0.0711837 273.72 82.8909 416 208.592 
laptop 0.643817 337.191 88.8788 416 192.006 
laptop 0.0293633 142.195 100.754 416 204.744 
laptop 0.021031 270.442 100.538 416 207.514 
