laptop 0.019359 259.403 22.2975 295.874 49.0711 
book 0.0186913 40.4413 52.2831 111.185 70.5878 
mouse 0.0366296 20.4802 74.6891 58.1688 94.1795 
mouse 0.029417 397.341 85.0154 416 111.219 
person 0.0185913 395.645 26.0471 416 64.148 
book 0.0207523 396.485 35.3998 416 90.4686 
laptop 0.0293303 149.728 24.233 281.99 72.3526 
laptop 0.0285823 170.969 22.2082 298.151 65.9497 
laptop 0.0203858 185.25 22.7176 303.753 65.3211 
laptop 0.0257607 314.663 23.5228 416 66.8401 
laptop 0.0259879 327.885 24.8837 416 71.9978 
book 0.027155 57.1617 42.8653 173.057 83.496 
laptop 0.0285421 150.477 37.3275 292.024 82.7849 
laptop 0.0216089 169.942 37.6807 330.816 87.7575 
laptop 0.020688 315.152 37.7204 416 91.7115 
laptop 0.0304255 329.52 40.8021 416 89.8974 
book 0.106952 57.6646 51.8057 175.72 89.1476 
book 0.0194871 67.6002 51.3843 177.986 91.2888 
book 0.0231823 58.8209 74.3767 182.198 123.124 
book 0.0196722 68.8689 74.4619 191.483 118.176 
book 0.0512154 45.9307 89.4391 143.325 127.966 
book 0.977195 57.9348 90.2837 172.113 130.838 
book 0.190091 68.5423 88.589 193.317 129.383 
book 0.0265516 188.048 88.563 300.036 125.782 
book 0.0205717 198.916 89.1474 319.417 133.809 
book 0.0420278 59.3559 98.8887 178.05 142.98 
book 0.123905 69.7601 102.652 205.617 147.319 
book 0.0184994 212.891 105.103 347.241 156.191 
book 0.20868 71.3833 117.201 211.748 154.02 
laptop 0.0317689 146.139 23.6242 265.351 70.7754 
laptop 0.0462829 173.441 25.3683 301.55 72.5625 
laptop 0.0526824 308.321 27.9189 416 74.8724 
laptop 0.0326127 333.854 29.1593 416 82.7983 
book 0.0742113 57.8663 45.3632 175.334 89.4056 
laptop 0.0285285 178.153 37.6083 327.997 91.3723 
book 0.0184885 199.968 39.4433 321.989 90.732 
laptop 0.0924584 310.149 36.4874 416 94.1386 
laptop 0.109972 334.537 36.7801 416 96.7985 
book 0.951612 57.9152 83.4351 182.112 121.542 
book 0.137558 68.1483 82.4748 203.1 122.839 
book 0.0742965 183.794 82.1116 306.806 121.53 
book 0.0302126 201.1 84.3541 331.814 131.117 
book 0.0187003 311.736 81.6353 416 124.742 
book 0.0560215 335.514 84.2856 416 130.354 
book 0.0951621 56.8375 101.125 173.189 149.514 
book 0.781166 71.2438 105.13 207.539 147.14 
book 0.0912348 206.987 106.41 349.424 156.655 
book 0.0222278 343.013 101.411 416 151.736 
tie 0.0195232 271.45 77.0692 416 192.994 
