person 0.272925 114 29 17 34 
person 0.27804 21 42 30 33 
person 0.944452 41 41 27 36 
person 0.999348 73 38 25 38 
person 0.0555434 114 36 17 44 
person 0.109131 158 43 23 31 
person 0.250475 171 41 29 36 
person 0.988198 182 38 25 36 
person 0.222986 201 36 21 38 
person 0.397302 210 36 25 41 
person 0.309756 316 39 28 37 
person 0.473848 322 38 22 38 
person 0.857596 349 35 24 44 
person 0.0548344 355 37 24 35 
person 0.853799 23 43 40 39 
person 0.930786 40 40 33 42 
person 0.999859 72 35 31 43 
person 0.394398 106 42 30 59 
person 0.540538 113 39 19 58 
person 0.995247 170 41 37 42 
person 0.232065 178 38 36 38 
person 0.0587259 205 35 36 39 
person 0.977145 210 34 29 42 
person 0.210733 300 41 34 43 
person 0.998241 315 40 35 43 
person 0.0535825 321 37 33 40 
person 0.990239 349 34 28 43 
