person 0.0192126 407.413 62.0269 416 98.4879 
person 0.0322671 6.44048 77.2095 19.198 114.715 
person 0.0943474 130.295 67.5066 149.405 96.7084 
person 0.0192267 269.509 67.9141 290.297 95.8528 
person 0.0287528 406.77 66.9329 416 101.453 
person 0.0331003 6.13505 84.666 19.0559 118.021 
person 0.0247214 133.959 75.4052 162.187 125.386 
person 0.0373429 405.575 74.9636 416 170.325 
person 0.0189322 7.44252 89.7991 23.3958 181.525 
person 0.0720489 405.834 88.4856 416 221.81 
person 0.0322941 6.92855 103.461 21.1276 182.214 
person 0.0238934 406.264 101.007 416 252.258 
