umbrella 0.632265 295 263 375 302
chair 0.260764 276 372 325 416
parking_meter 0.188764 1 174 60 416
person 0.163006 58 101 81 162
dining_table 0.122937 287 366 335 388
umbrella 0.103373 299 269 376 396
dining_table 0.101743 208 341 288 357
dining_table 0.0772221 289 356 334 372
chair 0.0735275 326 361 362 415
chair 0.0713373 307 366 347 416
chair 0.0642938 312 374 334 405
chair 0.0590031 239 369 291 414
dining_table 0.0586484 255 368 292 386
dining_table 0.0582479 330 361 358 394
chair 0.0564971 277 395 324 416
dining_table 0.051095 247 346 288 362
dining_table 0.0510214 222 351 322 406
