tvmonitor 0.986331 97 101 207 262
keyboard 0.981161 174 261 268 321
laptop 0.973734 200 126 291 220
cup 0.952709 145 327 172 373
keyboard 0.770012 210 188 280 208
chair 0.488455 253 258 413 415
cup 0.400998 115 295 142 350
mouse 0.374607 173 309 195 339
person 0.301119 341 101 368 138
book 0.226141 0 327 75 414
book 0.187241 0 296 74 381
cell_phone 0.154821 146 396 192 415
keyboard 0.145056 205 182 292 219
cup 0.103678 80 277 109 337
cell_phone 0.070981 0 342 51 382
person 0.0616121 337 98 357 136
