dog 0.313718 229.088 39.62 265.82 55.9566 
person 0.0539593 267.579 37.129 289.112 55.4272 
bowl 0.0317642 406.116 38.9137 416 61.1 
bowl 0.0215574 257.212 107.565 306.018 129.665 
spoon 0.049106 377.695 106.948 416 131.39 
bowl 0.0371526 106.425 119.834 153.904 145.91 
bowl 0.0445213 114.877 118.705 160.402 149.107 
bowl 0.0260136 250.609 123.245 308.244 145.95 
bowl 0.152838 394.239 117.734 416 147.163 
spoon 0.0526713 381.228 108.877 416 140.61 
bowl 0.119261 389.907 111.114 416 151.182 
bowl 0.241826 109.138 115.998 165.106 152.198 
bowl 0.832751 113.975 116.383 161.447 153.089 
bowl 0.0430804 250.122 115.102 308.694 151.555 
bowl 0.0273894 381.508 115.635 416 154.207 
bowl 0.999903 391.214 114.261 416 152.671 
potted_plant 0.0189637 388.46 77.9396 416 185.529 
