person 0.0332871 276.011 58.8702 416 177.034 
dog 0.992658 71.6078 75.1394 207.824 205.362 
dog 0.0220478 107.086 74.1877 284.278 213.42 
dog 0.632679 147.242 73.2245 408.439 217.906 
person 0.0790027 215.456 73.4431 343.386 209.055 
person 0.037623 227.954 73.8243 363.737 208.625 
person 0.12336 274.318 73.9717 416 210.153 
person 0.0315009 302.035 71.5881 416 216.619 
person 0.0590539 348.136 73.56 416 212.473 
person 0.215565 354.085 74.9089 416 213.399 
dog 0.0330053 148.524 75.853 416 246.165 
