sheep 0.0724411 372 67 34 17 
sheep 0.125812 107 88 53 16 
sheep 0.0981751 115 85 41 13 
sheep 0.070366 248 88 48 15 
sheep 0.0951526 377 90 48 19 
sheep 0.1665 390 87 41 17 
sheep 0.285249 55 102 51 26 
sheep 0.0730269 377 99 37 24 
sheep 0.314766 54 103 51 34 
sheep 0.208069 104 102 65 44 
sheep 0.144995 198 105 59 36 
sheep 0.085163 245 102 60 42 
sheep 0.0758482 331 106 53 37 
sheep 0.0984149 339 106 59 36 
sheep 0.126475 380 100 63 37 
sheep 0.222646 388 100 53 39 
sheep 0.128344 75 102 103 44 
sheep 0.058685 85 102 103 47 
sheep 0.150405 101 102 70 47 
sheep 0.135479 218 104 109 48 
sheep 0.16756 229 103 94 49 
sheep 0.0700489 242 103 87 49 
sheep 0.0534834 347 105 99 48 
sheep 0.390954 84 101 94 50 
sheep 0.0997855 99 103 73 56 
sheep 0.578952 217 104 108 48 
sheep 0.313319 231 102 94 51 
sheep 0.12032 342 107 106 55 
sheep 0.158267 367 104 95 54 
