person 0.180716 214 59 21 27 
person 0.15467 102 61 57 61 
person 0.0509451 242 61 54 64 
person 0.374265 381 60 55 63 
person 0.777157 104 69 54 52 
person 0.155229 237 69 51 56 
person 0.560083 243 68 53 57 
person 0.236243 380 71 53 53 
person 0.99917 102 61 62 68 
person 0.165241 237 60 65 70 
person 0.9984 243 59 61 72 
person 0.968563 380 60 61 69 
person 0.172901 385 59 59 73 
person 0.408733 102 66 60 64 
person 0.384249 243 65 61 64 
person 0.999991 102 60 61 69 
person 0.999999 243 59 60 76 
person 0.999086 379 59 63 71 
person 0.270683 385 58 56 72 
person 0.581516 102 65 59 65 
person 0.299667 242 65 57 73 
person 0.0553284 379 65 63 64 
