teddy_bear 0.999066 91.2409 77.8451 181.471 162.841 
teddy_bear 0.0361184 97.3439 77.889 188.039 166.071 
dog 0.0459291 222.976 77.7131 306.673 163.957 
dog 0.999705 230.483 77.3129 324.96 162.562 
dog 0.381756 365.845 78.1834 416 163.263 
dog 0.662315 370.663 78.013 416 159.954 
teddy_bear 0.958321 92.041 82.976 185.656 168.95 
teddy_bear 0.137592 97.6189 83.4052 189.379 167.426 
dog 0.99257 231.784 82.5578 329.325 167.688 
teddy_bear 0.118952 366.592 82.1321 416 167.769 
teddy_bear 0.94697 370.296 82.8337 416 168.51 
book 0.0238868 94.163 122.726 189.143 154.835 
book 0.0185025 235.586 124.223 328.054 156.472 
teddy_bear 0.9999 91.7517 79.7361 175.633 168.22 
teddy_bear 0.958765 97.0691 82.4905 184.098 175.344 
dog 0.0604446 222.764 78.5132 302.857 159.878 
dog 0.999999 230.087 80.1492 312.574 164.614 
dog 0.505881 371.052 81.2733 416 166.446 
book 0.022793 40.6717 112.915 132.326 163.768 
book 0.0346442 92.1538 116.737 188.099 156.824 
book 0.0452302 100.915 118.457 201.655 159.338 
book 0.031589 146.592 116.996 328.507 160.562 
book 0.0206632 173.322 114.574 276.579 157.661 
dog 0.0222888 266.527 85.958 416 193.94 
