sink 0.0195652 22.0788 38.8065 67.6344 54.3569 
toilet 0.0406347 70.9721 27.6641 190.593 67.1047 
toilet 0.0272584 70.9079 39.6655 192.878 87.9603 
toilet 0.0201379 70.5422 55.8157 182.559 120.642 
toilet 0.0258707 71.9314 29.1367 183.356 73.5715 
toilet 0.284573 72.1752 39.2324 189.776 98.2418 
toilet 0.157191 211.673 41.5429 332.067 111.333 
bowl 0.0253114 344.861 40.3458 416 83.8648 
toilet 0.0833978 77.6218 83.4865 176.378 130.069 
toilet 0.0274684 207.075 57.3942 335.82 173.345 
vase 0.0372852 206.748 72.2679 351.684 201.329 
