person 0.0227675 312.362 43.9594 348.708 58.9296 
cat 0.027522 119.599 69.1423 162.1 118.886 
person 0.0203119 258.625 67.4932 298.569 120.409 
chair 0.0447413 26.7459 90.6888 77.7057 173.067 
dog 0.0237616 69.9934 57.4393 186.994 124.912 
dog 0.0248121 84.1586 59.4542 207.461 123.156 
dog 0.0295447 71.9513 71.1269 169.775 127.338 
dog 0.0544993 87.7449 71.2587 194.71 124.994 
chair 0.998505 27.6326 92.7684 79.9281 184.294 
chair 0.0188677 164.839 92.5253 241.388 173.33 
chair 0.0230827 300.297 92.1738 372.245 171.952 
chair 0.607195 26.8454 97.2803 76.0713 188.726 
dog 0.142181 72.609 50.6445 199.351 129.014 
chair 0.986402 27.6752 91.2476 82.3815 178.666 
dog 0.0684961 82.7337 75.7881 186.374 144.315 
dog 0.0268927 104.231 85.575 209.973 161.785 
chair 0.0370041 168.29 89.8958 237.231 174.487 
person 0.0241706 229.711 79.6331 317.249 138.533 
chair 0.0398409 300.279 90.4259 367.104 175.496 
chair 0.207303 26.8147 98.1276 82.2586 195.338 
chair 0.0420487 73.9313 58.0888 211.025 166.397 
chair 0.0199016 347.426 57.3786 416 172.583 
chair 0.555285 78.0487 74.1123 232.189 203.639 
chair 0.058624 108.843 77.0754 312.975 200.643 
chair 0.0216544 345.027 72.1351 416 209.997 
