person 0.0350826 66.373 75.1408 95.5523 94.2961 
person 0.11143 8.12994 86.8873 24.3332 115.586 
person 0.0973765 24.0094 87.3357 59.1551 117.262 
person 0.371994 87.6139 89.9847 112.11 112.891 
person 0.999482 122.501 90.4723 147.482 115.598 
person 0.608676 132.128 89.0314 150.298 116.454 
person 0.55894 149.231 86.788 170.833 114.966 
person 0.943737 167.155 89.2193 193.919 118.891 
person 0.0372106 187.385 90.5772 222.982 116.033 
person 0.0743535 199.726 83.0952 240.157 104.656 
person 0.691776 227.573 92.9649 250.631 117.811 
person 0.163702 249.074 90.8049 274.689 112.358 
person 0.998753 264.942 89.9226 287.608 116.804 
person 0.0972495 281.899 88.3163 302.414 115.836 
person 0.959044 296.891 89.499 325.535 120.619 
person 0.491906 306.315 93.0265 333.362 122.475 
person 0.295361 365.228 91.6912 388.917 118.675 
person 0.043511 395.624 90.3453 427.699 114.042 
person 0.879946 403.51 89.9951 426.385 119.857 
person 0.110731 88.3012 99.8376 111.774 131.515 
chair 0.558926 120.802 106.282 159.971 127.79 
person 0.114474 153.225 103.382 179.785 131.957 
person 0.142886 164.904 102.902 199.588 128.796 
person 0.168708 182.294 100.878 204.364 129.635 
person 0.087016 200.685 107.953 230.739 134.158 
person 0.248907 227.872 98.2657 248.545 129.557 
chair 0.0512213 260.468 104.805 296.539 126.496 
person 0.169512 298.535 101.473 331.063 133.137 
person 0.0739549 308.866 98.2307 337.214 130.762 
person 0.228785 326.751 102.527 353.654 131.763 
person 0.0651888 343.5 104.963 375.32 134.557 
person 0.540274 365.424 99.1084 388.733 133.684 
person 0.0334368 371.936 104.073 398.749 130.938 
person 0.0388397 395.221 104.485 427.14 131.472 
person 0.999765 24.3452 94.2094 64.3927 137.094 
person 0.442443 58.4805 93.4563 109.797 140.171 
person 0.506983 68.3968 93.3287 119.069 144.108 
person 0.559715 163.097 94.898 203.455 133.173 
person 0.0502048 185.278 92.8719 239.562 130.992 
person 0.0850221 201.05 91.1927 251.212 132.7 
person 0.818652 298.678 94.7573 337.755 135.163 
person 0.0721771 333.699 92.5876 378.73 138.207 
person 0.806129 341.281 93.2319 387.777 142.698 
person 0.613147 23.3569 97.2111 64.7995 140.048 
person 0.325899 59.2916 97.5019 108.295 143.349 
person 0.230871 71.2783 99.9588 123.854 140.614 
person 0.0399757 120.564 99.9015 162.633 134.933 
person 0.0406434 156.531 97.7822 194.491 140.379 
person 0.0649819 164.293 97.2076 206.564 135.16 
person 0.03498 202.409 100.101 248.255 140.012 
person 0.718614 299.154 97.4986 335.275 139.075 
person 0.131446 342.267 98.499 389.191 139.116 
person 0.0479209 359.766 98.4268 401.248 136.412 
person 0.0785614 396.053 98.2455 433.778 138.829 
person 0.0454927 57.1411 92.6378 140.275 143.155 
