person 0.0200872 406.486 68.5675 416 102.855 
person 0.0216402 229.516 88.2834 338.354 124.589 
dog 0.03339 363.486 88.7881 416 125.824 
dog 0.023108 370.303 87.662 416 125.891 
fire_hydrant 0.0227077 187.619 50.9242 297.346 147.228 
vase 0.0207524 199.233 55.6215 311.021 154.751 
person 0.0562042 228.038 80.9013 323.558 129.207 
dog 0.0559853 365.436 82.9154 416 133.819 
person 0.0284071 73.2924 54.6584 217.953 162.628 
fire_hydrant 0.049276 188.732 55.3594 348.351 169.021 
fire_hydrant 0.150959 202.818 56.1937 355.02 164.356 
