potted_plant 0.0205351 25.8962 7.15198 70.121 21.6619 
vase 0.0204371 93.5905 6.61609 131.91 19.7236 
vase 0.0355572 234.497 5.8996 275.151 17.2371 
cup 0.0200409 302.059 6.91781 351.829 19.9783 
vase 0.0212201 373.999 6.25757 415.285 17.8333 
cat 0.0545133 105.751 58.1803 167.414 101.332 
sink 0.0196893 84.9821 86.8421 198.916 170.204 
sink 0.0336167 358.699 90.5324 416 163.493 
sink 0.0365446 75.0995 102.929 195.358 162.262 
sink 0.0956805 84.8246 105.382 194.517 153.36 
sink 0.0232433 347.407 101.692 416 168.973 
sink 0.301782 358.9 103.976 416 159.201 
cat 0.0197209 104.359 58.6248 175.741 109.31 
sink 0.166736 79.559 89.5927 207.042 175.91 
cat 0.04565 106.026 80.7582 174.183 166.386 
sink 0.0390254 210.927 91.0238 326.733 184.902 
sink 0.032328 346.736 91.3495 416 176.137 
sink 0.778336 367.818 88.5026 416 182.104 
sink 0.96118 78.257 103.756 197.534 165.252 
sink 0.0192706 213.789 99.6232 337.779 177.021 
sink 0.040768 347.372 101.658 416 174.778 
sink 0.765231 359.813 100.861 416 159.398 
sink 0.0476777 71.9614 84.9628 206.357 190.266 
cat 0.0240469 148.694 83.1848 413.229 196.672 
sink 0.756153 207.048 79.8535 338.482 195.783 
sink 0.0236988 273.792 86.9447 416 194.335 
sink 0.970959 347.3 78.5986 416 200.818 
sink 0.109847 353.48 76.0249 416 194.197 
