cat 0.0218685 344.708 90.9499 416 180.997 
cat 0.0222123 72.0142 92.8842 209.525 184.21 
cat 0.186135 344.284 92.1524 416 183.883 
cat 0.028138 68.6823 98.3561 215.735 194.09 
cat 0.04166 345.78 97.9296 416 192.168 
cat 0.154573 71.8347 80.1787 220.433 204.655 
cat 0.0731683 113.591 75.4615 365.356 216.488 
cat 0.301253 140.922 75.3882 416 212.659 
dog 0.361985 206.547 75.9844 362.431 205.114 
cat 0.0302306 271.014 76.2538 416 217.276 
cat 0.341433 347.487 78.2932 416 200.187 
cat 0.0199763 62.6482 100.231 207.115 212.256 
cat 0.184926 71.05 99.7829 210.101 213.539 
cat 0.0507036 115.098 100.69 413.219 208.608 
cat 0.0778911 139.858 100.366 416 212.781 
cat 0.0428533 345.729 98.2013 416 202.386 
cat 0.0505354 143.308 77.9828 416 264.372 
cat 0.0224816 143.837 108.075 416 317.213 
