cat 0.065543 71.6751 46.7359 137.627 79.6518 
cat 0.357266 204.951 43.4174 134.859 80.6922 
cat 0.684048 342.763 43.1114 143.448 77.7214 
cat 0.0123442 84.6306 113.074 139.255 48.9325 
cat 0.0412616 71.3165 48.4887 154.116 97.0666 
cat 0.0419905 115.425 49.2988 251.224 91.3888 
cat 0.901014 143.106 49.4628 288.169 95.7583 
cat 0.0680338 177.886 49.5254 223.12 90.9316 
cat 0.375803 202.262 47.706 176.449 88.1501 
cat 0.0354231 341.92 47.6203 160.699 87.6864 
cat 0.0296005 146.717 74.062 281.232 125.974 
cat 0.0603381 203.872 73.6357 196.399 121.472 
