bottle 0.0260757 59.3463 25.9638 77.7906 65.9644 
bottle 0.0296298 74.1616 22.6224 101.245 55.2917 
bottle 0.0488557 197.661 23.8086 217.31 61.1019 
bottle 0.146594 214.931 22.9778 238.881 58.3252 
bottle 0.127919 356.468 22.6034 377.244 53.5046 
bottle 0.0213162 373.082 23.8084 396.907 50.081 
cup 0.020034 46.7426 42.9561 62.5685 70.4063 
cup 0.0225464 77.5849 42.7584 107.661 66.6936 
bottle 0.0403411 134.407 42.0219 149.5 82.7793 
cup 0.0200696 187.581 42.4493 207.327 67.3696 
bottle 0.020238 344.477 40.8744 374.796 69.9852 
bottle 0.0268946 357.22 43.0579 389.07 69.472 
person 0.104033 409.665 42.8978 416 89.2259 
bottle 0.0186524 341.517 53.1156 370.192 71.053 
bottle 0.0192054 359.56 52.4178 398.516 72.3038 
mouse 0.0238403 88.2512 110.699 124.008 133.43 
mouse 0.97033 83.6519 115.33 113.778 139.107 
mouse 0.376414 221.237 114.732 251.663 136.338 
cup 0.0273263 251.598 117.05 289.283 142.696 
bottle 0.0355665 70.527 26.307 113.979 72.7923 
bottle 0.114655 213.931 26.8124 250.772 71.0733 
bottle 0.0223993 341.936 28.7494 376.226 80.5077 
bottle 0.0219369 357.775 28.6762 398.967 77.0371 
bottle 0.0212706 343.481 34.2188 381.124 80.7829 
bottle 0.0390666 358.307 37.081 397.016 80.5941 
person 0.0197089 389.12 42.8097 416 82.9406 
book 0.104464 107.655 112.589 183.529 164.598 
dining_table 0.0275415 335.834 110.568 416 165.452 
dining_table 0.0258285 379.613 115.614 416 168.085 
dining_table 0.0241442 146.822 76.0388 416 190.871 
dining_table 0.0203217 176.401 75.536 416 194.359 
dining_table 0.0508741 272.07 78.7735 416 190.58 
