person 0.0196423 404.849 103.771 416 146.003 
person 0.0185365 403.841 89.9935 416 158.941 
person 0.0187493 392.706 102.673 416 147.669 
person 0.0444092 403.853 101.713 416 157.156 
person 0.0198037 38.3449 37.1472 113.465 107.192 
person 0.02407 184.298 114.621 302.518 159.253 
person 0.0248116 28.3388 44.3964 89.6507 138.056 
person 0.0254623 46.7742 40.8971 139.204 129.602 
person 0.0207612 176.824 38.147 272.446 112.682 
person 0.0219025 307.749 37.577 399.039 115.462 
person 0.0246015 54.4873 77.0346 167.498 111.754 
person 0.0279572 336.908 83.4905 416 133.646 
person 0.0209366 372.222 84.6145 416 155.06 
person 0.0193547 55.0101 111.49 168.532 172.163 
person 0.0310539 75.4987 108.23 264.953 170.561 
person 0.0192779 148.223 105.266 370.765 166.978 
person 0.0498191 183.854 114.243 300.811 162.775 
person 0.0527984 202.326 116.23 367.295 165.702 
person 0.026514 313.147 109.196 416 160.712 
person 0.0541314 336.178 108.748 416 167.025 
person 0.0226385 368.079 108.695 416 162.549 
person 0.0234846 144.164 50.3062 371.334 147.247 
person 0.039457 243.343 46.1265 416 141.892 
person 0.0210412 269.238 49.7597 416 148.175 
person 0.0395409 57.6849 73.8317 184.546 224.834 
person 0.0683499 83.1895 73.1785 262.041 212.744 
person 0.0840838 114.955 73.6844 350.447 203.08 
person 0.515483 145.002 75.1744 414.652 203.454 
person 0.164812 174.982 76.6256 416 193.314 
person 0.0363173 243.76 73.5097 416 188.775 
person 0.0283741 268.721 73.907 416 193.598 
person 0.0212237 306.409 75.6343 416 190.901 
person 0.028533 334.346 79.7388 416 198.969 
person 0.0230283 83.378 101.799 280.516 201.954 
person 0.0192462 110.394 101.093 375.24 184.483 
person 0.0255977 145.049 100.978 416 178.444 
person 0.0232198 239.857 102.629 416 178.331 
person 0.0305223 145.948 74.6852 416 251.626 
person 0.0788711 175.914 76.3354 416 225.989 
person 0.0671114 207.463 75.4182 416 232.05 
person 0.0385283 241.551 74.1273 416 221.192 
