person 0.0324751 59.92 83.0475 122.12 116.33 
book 0.0206042 358.899 115.442 416 161.569 
person 0.024207 53.5211 90.8384 147.931 162.147 
person 0.0215526 78.2733 86.5362 185.304 136.285 
person 0.0330502 57.9825 104.511 163.284 174.253 
person 0.0585528 74.6144 107.989 206.328 168.637 
book 0.0284818 214.221 111.429 318.615 164.971 
book 0.0191545 230.103 112.041 319.836 163.585 
book 0.020418 363.588 113.617 416 171.979 
bench 0.0209451 270.336 50.6991 416 155.087 
laptop 0.0183437 206.665 73.5433 416 258.969 
