person 0.0283585 249.487 88.3157 303.05 146.655 
bird 0.0370716 389.292 87.1621 416 150.613 
bird 0.0218019 388.338 100.389 416 147.53 
bird 0.019584 388.516 75.3708 416 170.449 
person 0.0714743 246.654 90.6532 306.601 155.173 
bird 0.0980408 387.416 87.7372 416 161.448 
bird 0.0228299 387.079 99.6788 416 188.907 
sheep 0.0278364 108.146 91.6255 169.89 156.95 
dog 0.110204 248.807 91.6576 311.579 150.078 
person 0.0213751 261.697 91.1736 346.138 151.45 
bird 0.0656973 388.399 83.4541 416 178.218 
person 0.0282981 247.019 98.6398 318.507 163.258 
bird 0.0215664 388.205 99.8521 416 200.135 
