person 0.861877 179 262 216 383
boat 0.85604 95 336 190 384
person 0.847409 160 267 178 337
boat 0.64815 374 257 401 277
boat 0.543651 0 296 21 324
boat 0.49524 156 240 186 256
boat 0.400095 187 237 219 253
person 0.399779 302 381 348 415
boat 0.377303 309 238 347 262
person 0.325842 388 307 408 329
boat 0.308588 48 367 128 416
boat 0.273419 96 269 133 294
boat 0.269204 137 129 205 245
person 0.233849 303 379 327 410
boat 0.21223 221 250 267 265
boat 0.210896 215 238 251 263
boat 0.185178 123 283 155 305
person 0.153009 147 318 168 340
person 0.148514 112 249 132 273
boat 0.148159 0 250 26 267
boat 0.145118 36 316 52 343
person 0.1425 126 269 151 294
person 0.133647 211 328 231 362
surfboard 0.118701 176 371 224 383
boat 0.118648 13 138 84 258
boat 0.103532 215 231 274 265
boat 0.102478 0 242 40 260
boat 0.100234 309 250 346 263
boat 0.0987953 181 222 210 242
boat 0.0896724 134 238 162 259
boat 0.0777981 22 243 85 256
boat 0.0764956 343 238 371 255
car 0.0746282 393 219 416 239
person 0.072059 136 266 155 292
boat 0.0713655 155 236 205 252
boat 0.0686086 124 239 151 260
person 0.06658 230 319 243 344
boat 0.0620019 167 216 207 239
car 0.0591144 374 219 409 238
boat 0.0578265 313 227 345 244
boat 0.0563208 107 244 135 261
boat 0.0544979 271 236 318 254
boat 0.0507387 123 250 144 276
