person 0.022324 89.4099 89.1133 184.68 154.307 
person 0.0419459 231.148 89.6145 329.779 151.389 
person 0.0203004 363.436 90.5439 416 148.965 
person 0.0450645 373.639 91.4264 416 151.026 
person 0.0421971 229.945 104.329 332.184 149.074 
person 0.0216106 209.283 47.8301 342.17 127.918 
bus 0.0208003 342.443 50.6239 416 129.395 
person 0.12736 79.9917 77.4364 193.896 170.463 
person 0.0185306 100.939 80.3185 181.882 171.171 
person 0.0239452 212.518 75.4158 330.232 144.66 
person 0.146605 232.528 80.4212 322.237 167.09 
person 0.230871 370.251 83.0183 416 163.099 
person 0.0196727 87.3548 110.54 191.893 155.942 
person 0.0646541 231.718 109.395 327.913 155.642 
bus 0.0282962 71.2782 71.8225 209.075 195.841 
person 0.0426855 146.133 69.7912 377.825 204.256 
person 0.0232836 169.876 74.1823 401.784 214.22 
person 0.0342901 276.472 71.2895 416 211.43 
bus 0.0204219 304.8 74.3818 416 221.144 
bus 0.0287729 339.325 73.1172 416 210.01 
