potted_plant 0.0209051 182.141 41.4118 325.247 104.053 
potted_plant 0.0313607 205.321 45.4942 324.978 104.889 
bench 0.0200073 341.414 83.8261 416 124.479 
bench 0.11464 141.992 78.2185 416 181.471 
bench 0.0196572 173.411 79.2249 416 186.467 
bench 0.0714843 210.886 78.9287 416 187.08 
bench 0.0192768 233.657 77.976 416 190.967 
bench 0.0562913 270.219 78.8769 416 186.136 
bench 0.0483965 340.205 79.9863 416 190.105 
bench 0.0467997 146.641 75.0934 416 245.745 
bench 0.31005 170.951 79.1142 416 244.226 
bench 0.188894 207.774 79.2645 416 256.436 
bench 0.773646 241.084 78.1624 416 241.815 
bench 0.0190862 240.982 103.605 416 259.137 
