cake 0.0217491 56.3953 87.975 171.026 123.402 
book 0.0409102 328.859 88.4364 416 125.193 
book 0.0247262 340.37 88.1706 416 125.473 
chair 0.0223882 53.5411 20.6162 157.44 59.5956 
chair 0.0220824 73.2746 20.0774 200.104 57.4833 
book 0.0227815 211.209 23.1186 342.283 59.6622 
person 0.0201374 343.114 25.3494 416 67.9997 
cat 0.0449892 71.8907 43.4256 210.075 119.205 
cat 0.0190389 208.107 35.5129 350.567 97.3794 
person 0.0209889 306.566 39.3382 411.324 94.4069 
person 0.0381607 342.543 38.9984 416 114.054 
cat 0.0286416 359.944 39.3338 416 116.523 
cake 0.0501088 54.3065 86.8947 159.096 124.616 
cake 0.0206589 69.2204 85.3823 213.449 133.216 
book 0.0217078 311.802 84.2077 416 127.079 
book 0.4418 336.8 86.9187 416 130.994 
book 0.0196945 73.6849 108.04 212.624 142.046 
book 0.0500041 338.683 104.02 416 139.798 
book 0.0209789 362.016 109.15 416 150.33 
cat 0.0286343 69.9129 55.2637 219.684 154.977 
cat 0.0186572 204.456 53.0957 413.064 149.914 
cat 0.025333 270.703 45.6266 416 137.95 
cat 0.0409858 342.924 55.0441 416 160.562 
book 0.0214416 340.459 71.8591 416 199.448 
truck 0.0191559 207.426 77.2546 416 264.296 
