stop_sign 0.998251 109 45 47 29 
stop_sign 0.851833 248 45 45 26 
stop_sign 0.999849 387 44 45 28 
car 0.0677835 280 78 40 13 
car 0.0701995 295 78 37 16 
car 0.0684433 392 75 40 18 
car 0.144516 405 73 18 27 
car 0.0707565 40 84 61 11 
car 0.372787 60 84 53 13 
car 0.964861 68 83 52 12 
car 0.0765062 84 83 37 11 
car 0.0926181 120 82 37 17 
car 0.0706902 168 82 33 11 
car 0.0570264 181 82 36 11 
car 0.606781 204 82 44 11 
car 0.999971 214 82 37 11 
car 0.231418 296 81 32 12 
car 0.447513 312 82 40 10 
car 0.97788 331 83 52 11 
car 0.998744 342 82 49 10 
car 0.0775037 357 81 44 11 
stop_sign 0.999999 110 45 49 32 
stop_sign 0.109182 112 45 50 34 
stop_sign 0.0635499 248 45 49 32 
stop_sign 0.995804 388 45 47 32 
