vase 0.0186342 91.6196 45.4531 144.175 69.5698 
vase 0.0261087 373.933 42.2577 416 65.9678 
person 0.0205117 407.594 38.1455 416 69.4975 
cup 0.0197834 410.419 71.0264 416 121.53 
potted_plant 0.0196596 89.2781 25.6533 150.441 77.5483 
potted_plant 0.0188696 212.823 19.2823 266.089 59.5305 
potted_plant 0.0185675 232.785 21.8495 288.365 67.5324 
potted_plant 0.0233665 359.594 21.0681 416 62.4895 
potted_plant 0.0189891 396.23 20.3469 416 64.1624 
potted_plant 0.0190329 92.9435 39.6179 152.392 77.443 
potted_plant 0.0185733 234.666 43.0501 298.094 75.8897 
potted_plant 0.037366 374.073 42.6601 416 74.8238 
car 0.0224284 306.027 55.6358 369.789 99.5761 
person 0.0274636 408.142 58.6517 416 132.641 
chair 0.0184308 394.586 70.8743 416 118.612 
bottle 0.0201682 409.015 72.3436 416 148.313 
potted_plant 0.0267957 77.716 25.4529 171.893 80.1242 
potted_plant 0.91751 89.6282 26.3815 173.157 86.5551 
potted_plant 0.0659868 97.7739 26.2962 173.608 86.2457 
potted_plant 0.02 220.696 23.715 311.19 74.3951 
potted_plant 0.0560083 230.876 23.3093 316.11 72.0099 
potted_plant 0.0188054 345.951 24.6163 416 75.7801 
potted_plant 0.162307 364.354 23.8194 416 74.0412 
potted_plant 0.431529 371.874 24.5849 416 78.5921 
potted_plant 0.0251498 74.922 40.0818 188.812 110.241 
potted_plant 0.101194 87.7587 37.574 182.706 108.829 
potted_plant 0.0186392 98.3559 37.9534 171.749 111.32 
potted_plant 0.0224445 231.386 39.6535 317.226 99.997 
potted_plant 0.0197213 345.434 42.5831 416 101.084 
potted_plant 0.032177 359.493 39.5759 416 96.4347 
potted_plant 0.0223882 373.076 37.9269 416 104.375 
chair 0.0310135 71.877 57.0275 199.021 118.567 
chair 0.0199643 212.874 56.9707 334.789 116.158 
car 0.0278397 311.248 55.2531 399.322 107.095 
chair 0.0404284 345.88 57.0148 416 113.843 
chair 0.0345996 355.916 57.7495 416 112.021 
sofa 0.0201323 71.0922 72.0424 204.238 112.808 
chair 0.0185847 212.599 71.0186 337.586 117.627 
chair 0.026667 346.408 71.7038 416 116.57 
chair 0.0298208 356.045 71.0849 416 119.89 
potted_plant 0.87042 86.7531 28.4572 184.894 89.2302 
potted_plant 0.031012 99.6007 27.2718 187.642 86.3436 
potted_plant 0.0329912 229.817 24.6204 310.901 77.2737 
potted_plant 0.0186954 341.348 27.4149 416 80.5816 
potted_plant 0.742414 366.424 25.5617 416 79.1976 
potted_plant 0.729644 77.0558 44.0178 192.459 136.638 
potted_plant 0.0301205 100.295 42.2906 175.122 122.685 
potted_plant 0.0188519 207.223 43.9163 335.931 129.573 
potted_plant 0.0447 231.408 42.2566 323.592 129.408 
potted_plant 0.0435545 342.203 46.7467 416 118.193 
potted_plant 0.496795 361.104 44.5346 416 128.265 
sofa 0.211496 70.5509 74.3752 204.651 126.551 
chair 0.0598002 209.88 71.8837 336.372 117.723 
chair 0.0646373 347.403 70.5485 416 113.789 
chair 0.0367589 360.601 73.268 416 138.032 
dining_table 0.0263823 144.493 107.521 381.76 149.936 
chair 0.0186416 372.625 108.858 416 148.823 
potted_plant 0.204399 70.8623 51.1551 208.237 165.136 
potted_plant 0.0193145 355.514 50.3964 416 163.717 
dining_table 0.0207773 145.787 74.5243 416 174.268 
