vase 0.310481 50.7116 24.0545 70.4342 62.0248 
bottle 0.0241283 188.184 23.2221 209.521 64.8513 
bottle 0.0800077 327.07 24.2146 345.919 66.9177 
book 0.0193438 250.934 86.3991 301.648 110.657 
book 0.029551 390.734 83.5466 416 109.175 
book 0.0457743 250.341 99.9769 303.668 111.465 
book 0.0220088 390.016 99.5437 416 112.617 
cat 0.0790643 108.193 85.3462 172.42 119.791 
handbag 0.0280753 247.143 85.7224 308.722 122.206 
sofa 0.0326298 29.155 82.6955 84.1095 205.34 
sofa 0.0310211 34.6591 82.4771 101.474 203.361 
cat 0.0207778 111.964 81.9202 192.037 137.709 
sofa 0.0213585 148.93 70.7321 258.783 158.947 
sofa 0.127817 165.99 73.0256 236.839 159.461 
sofa 0.0361351 304.185 72.9329 390.777 155.994 
sofa 0.029169 335.468 77.5591 416 154.067 
sofa 0.0278646 79.9087 82.9983 228.392 218.489 
sofa 0.0283276 142.903 77.9875 328.798 195.878 
sofa 0.0779594 208.422 80.212 416 193.871 
sofa 0.0241584 240.669 78.9863 416 192.201 
sofa 0.0347696 272.514 81.1716 416 193.951 
sofa 0.0192811 336.033 82.7885 416 192.078 
sofa 0.0233322 79.4854 105.916 226.385 308.732 
sofa 0.0188798 49.4342 142.966 147.24 416 
