chair 0.1353 308 126 31 23 
person 0.992526 109 21 56 45 
person 0.78818 113 20 59 44 
person 0.867675 250 21 57 44 
person 0.0706394 382 21 53 46 
person 0.992435 387 21 57 44 
person 0.993488 87 90 108 100 
person 0.274258 221 88 103 100 
person 0.996125 228 90 105 99 
person 0.979595 364 89 110 100 
person 0.139716 86 99 118 99 
person 0.0621424 227 99 115 97 
person 0.0983316 364 99 112 99 
person 0.0746071 115 20 72 41 
person 0.999999 85 91 109 103 
person 0.51871 218 88 105 96 
person 0.999934 229 91 98 100 
person 0.999567 364 91 105 100 
person 0.788272 87 98 114 97 
person 0.138174 229 99 106 83 
person 0.217382 364 97 111 101 
person 0.999783 80 87 118 119 
person 0.940194 214 81 133 131 
person 0.32238 228 84 135 118 
person 0.0505235 269 79 186 135 
person 0.0551929 343 80 147 138 
person 0.540825 361 84 107 127 
person 0.15333 83 97 111 106 
person 0.103838 362 98 107 120 
