motorbike 0.955141 393.176 75.4449 46.36 41.9729 
motorbike 0.755599 201.685 75.6777 156.9 39.8456 
motorbike 0.974983 215.595 76.4438 123.413 39.584 
motorbike 0.282937 328.387 74.0007 145.384 41.5985 
motorbike 0.979759 346.884 75.4364 125.003 40.6984 
motorbike 0.957306 357.73 75.692 114.395 37.9133 
motorbike 0.0156 70.2233 75.4179 128.264 38.7026 
motorbike 0.999999 210.18 79.5103 134.69 35.0806 
motorbike 0.741704 229.3 76.5934 100.99 32.8249 
motorbike 0.215568 310.122 72.044 136.767 38.4427 
motorbike 0.999428 342.254 77.748 134.003 36.9688 
motorbike 0.989763 360.302 77.8513 104.64 34.6806 
