car 0.0198607 10.8714 25.1177 32.5281 52.5965 
potted_plant 0.0285429 44.241 89.3582 134.598 123.766 
potted_plant 0.0678376 54.0843 90.3208 148.391 124.509 
potted_plant 0.0187062 185.24 89.9751 288.815 134.924 
potted_plant 0.0211457 198.024 118.353 331.337 162.611 
potted_plant 0.0212491 184.467 47.8546 293.703 139.784 
potted_plant 0.0259967 199.043 49.8744 301.756 149.881 
potted_plant 0.380825 53.7805 83.327 152.077 134.352 
potted_plant 0.0186302 185.869 76.1352 287.727 140.626 
potted_plant 0.0345271 200.641 78.4187 313.486 150.863 
potted_plant 0.0261507 332.33 83.6839 416 143.733 
potted_plant 0.0781615 57.6652 109.48 166.235 163.082 
potted_plant 0.0388794 78.1356 112.107 193.714 164.23 
potted_plant 0.0607451 187.259 116.123 285.179 160.629 
potted_plant 0.158864 202.87 115.535 328.114 165.209 
potted_plant 0.0261108 240.71 115.849 335.26 166.142 
potted_plant 0.0276185 332.96 112.172 416 163.284 
potted_plant 0.0261849 184.065 54.4454 331 160.126 
potted_plant 0.0305519 199.753 54.5616 349.348 164.436 
potted_plant 0.0385444 204.72 75.7477 370.151 198.457 
potted_plant 0.0223652 338.228 72.6278 416 204.468 
