cup 0.172786 45 110 93 45 
cup 0.0666238 184 110 96 49 
cup 0.0589381 323 110 93 50 
cup 0.656847 44 116 88 47 
cup 0.175098 49 116 89 51 
cup 0.69253 183 115 94 49 
cup 0.152676 318 116 93 50 
cup 0.520262 323 115 94 51 
person 0.0571525 375 72 76 117 
person 0.0581412 389 72 48 137 
cup 0.969819 45 117 85 51 
cup 0.829334 182 116 84 56 
cup 0.125815 196 118 114 58 
cup 0.50179 318 116 88 56 
cup 0.840094 323 118 87 56 
cat 0.0545839 115 59 243 118 
cat 0.058482 139 56 293 112 
cat 0.0527187 207 61 151 124 
cat 0.107614 345 60 135 124 
cat 0.127967 73 67 144 141 
cat 0.258496 116 71 222 147 
cat 0.196327 136 70 254 154 
cat 0.190851 206 69 140 144 
person 0.144878 345 70 140 153 
person 0.0896425 358 71 110 140 
