bottle 0.0385762 267.464 52.0216 288.195 75.6993 
vase 0.117534 43.1739 71.9879 80.5713 104.825 
vase 0.717205 182.787 71.9065 219.66 103.111 
bottle 0.0228293 318.43 71.1698 355.772 101.309 
bottle 0.95396 322.076 69.2328 360.875 103.819 
bottle 0.0189389 11.7973 101.488 35.8294 125.298 
bottle 0.0192476 154.123 104.006 180.542 131.827 
bottle 0.0933653 294.202 106.921 326.059 133.213 
sink 0.019156 87.9071 132.765 193.864 144.648 
vase 0.958709 42.7487 72.4379 82.8954 114.659 
vase 0.797234 182.653 72.4409 221.933 112.602 
bottle 0.126849 319.491 72.5889 361.515 116.28 
bottle 0.993855 321.66 70.7862 360.188 112.552 
vase 0.021986 42.1787 83.2748 86.2705 138.264 
bottle 0.0190924 318.136 85.1918 363.771 138.898 
bottle 0.0208072 321.748 82.5163 365.379 144.275 
bottle 0.0469537 20.7462 101.983 62.192 146.889 
bottle 0.024489 294.127 102.206 331.12 139.904 
vase 0.0299602 361.692 86.94 416 154.32 
vase 0.0230587 81.4013 86.2884 190.58 155.316 
cat 0.028956 229.901 87.472 338.992 151.754 
vase 0.332662 360.849 87.0308 416 160.003 
sink 0.020923 233.193 108.785 416 150.36 
sink 0.0301896 274.578 117.169 416 159.181 
sink 0.0312646 112.597 131.715 334.658 160.045 
sink 0.0319043 142.586 132.656 389.527 163.24 
sink 0.0233613 240.579 134.17 416 160.901 
sink 0.0228412 273.064 131.68 416 162.954 
