person 0.0230683 23.07 7.51095 73.0299 22.7177 
person 0.081964 57.1934 10.5933 96.4697 33.2216 
person 0.513033 72.8765 12.0269 102.525 36.6809 
person 0.0226575 199.334 10.8797 241.813 33.6534 
person 0.0214535 215.193 12.5132 249.818 37.9934 
person 0.0221722 330.212 8.69418 375.858 27.2711 
person 0.174434 345.497 11.8443 379.737 36.4618 
person 0.0198478 358.228 10.6704 407.344 32.5552 
person 0.0205718 396.61 43.4852 416 100.759 
person 0.0224898 394.53 53.374 416 108.29 
person 0.0192591 232.292 13.3701 347.564 40.8347 
person 0.0193384 373.279 12.6924 416 38.7316 
person 0.03777 248.782 55.9372 339.19 152.639 
person 0.02461 264.028 56.1852 359.806 142.841 
person 0.0246161 389.684 56.942 416 159.869 
person 0.0204151 248.461 69.1222 351.058 165.133 
person 0.0185016 51.0726 15.7182 140.019 46.258 
person 0.0210681 79.9102 17.3886 192.583 51.4269 
car 0.0200217 109.04 18.0931 272.764 52.5144 
car 0.0239123 143.329 15.2311 325.144 45.2803 
person 0.0214416 177.64 14.3523 308.316 46.1077 
person 0.026611 206.891 16.1926 325.772 48.7298 
person 0.0238066 241.044 16.2574 360.898 49.8468 
person 0.0225147 308.281 12.4546 416 43.095 
person 0.0190458 334.176 14.7626 416 46.1342 
person 0.0202288 371.217 15.672 416 47.872 
person 0.0548195 112.684 55.4971 181.996 154.716 
person 0.245077 249.656 52.6047 328.986 145.175 
person 0.0935721 262.745 52.8163 352.178 145.716 
person 0.0203174 375.262 53.8838 416 150.362 
person 0.0359539 389.922 56.4908 416 161.469 
person 0.0194801 389.75 68.4844 416 173.217 
person 0.0271514 146.21 58.9708 399.663 169.944 
person 0.0193701 173.965 59.0842 416 176.57 
person 0.0320885 207.263 59.2314 416 173.748 
person 0.0239334 241.53 57.9579 416 164.032 
person 0.0297209 272.082 58.3824 416 164.776 
person 0.0300545 75.1782 70.8694 222.589 192.966 
suitcase 0.0322898 147.96 76.1684 416 204.613 
skateboard 0.0234681 171.26 75.4089 416 198.307 
snowboard 0.0260765 238.784 71.2821 416 188.581 
snowboard 0.0858906 275.953 75.0816 416 191.216 
skateboard 0.0264611 297.572 76.0979 416 196.004 
suitcase 0.0222577 171.179 74.813 416 232.255 
person 0.0279159 207.164 74.4386 416 234.346 
surfboard 0.058801 239.442 74.0761 416 221.807 
