cat 0.169864 109.214 86.3265 166.685 129.35 
cat 0.0189081 112.691 86.5349 175.656 126.981 
cat 0.0201034 247.911 85.4875 301.773 127.828 
vase 0.0415004 386.258 85.9876 416 130.987 
bed 0.030305 71.6823 101.864 212.122 148.098 
cat 0.0240062 71.2396 90.4472 204.377 140.558 
cat 0.0196828 110.553 87.9107 204.973 130.591 
bed 0.0225449 310.291 86.1015 416 125.141 
bed 0.0309129 340.584 84.0942 416 137.553 
bed 0.110548 69.3371 106.812 220.014 163.956 
bed 0.0468248 138.793 108.448 398.588 166.633 
bed 0.0700077 206.14 109.382 345.867 155.01 
bed 0.0332691 267.093 104.119 416 155.162 
bed 0.0284549 342.735 107.028 416 152.23 
bed 0.0204902 144.947 83.3304 416 180.508 
bed 0.305743 141.522 103.024 416 182.445 
bed 0.0474108 271.614 102.23 416 187.526 
