person 0.0282064 329.825 90.4708 416 155.986 
person 0.0196934 341.49 88.5065 416 157.385 
person 0.0227381 330.398 104.32 416 166.921 
person 0.0191268 342.946 103.885 416 163.57 
cat 0.0463674 75.0342 88.0263 212.622 178.114 
cat 0.027322 106.327 79.3962 177.704 149.491 
person 0.0258809 242.544 80.1381 319.101 153.274 
person 0.0345509 335.09 87.2228 416 169.598 
person 0.0766452 369.547 79.6941 416 166.669 
person 0.0197636 312.959 108.082 416 168.142 
person 0.0250089 340.304 109.209 416 176.484 
person 0.020878 362.277 114.424 416 175.425 
person 0.0413101 71.1111 88.979 213.41 203.517 
person 0.0252256 142.533 86.7387 416 194.077 
person 0.0204677 207.036 88.0623 364.574 198.175 
person 0.285703 273.757 88.0971 416 193.367 
person 0.0365899 303.669 86.4013 416 207.978 
person 0.146591 340.512 84.0464 416 210.192 
person 0.0244171 354.844 82.6294 416 211.485 
person 0.0228067 72.1272 98.8843 215.923 215.012 
person 0.0349078 273.206 100.968 416 200.088 
person 0.0229024 301.839 100.448 416 207.535 
