fire_hydrant 0.0191931 150.772 8.64025 179.844 24.2609 
boat 0.0213792 235.324 7.04675 317.796 20.9031 
boat 0.0238202 243.9 7.14706 345.447 21.2496 
person 0.0212972 285.439 7.91238 328.427 22.7483 
person 0.0247503 290.225 8.52501 322.411 22.9596 
car 0.0345238 376.986 6.66791 416 19.2597 
bird 0.0296761 250.208 52.6124 288.096 69.1568 
fire_hydrant 0.0195608 394.336 43.2897 416 105.762 
fire_hydrant 0.0593217 117.214 56.3976 162.136 121.752 
fire_hydrant 0.02037 251.44 56.3498 296.778 107.078 
fire_hydrant 0.783314 391.341 57.5354 416 114.424 
fire_hydrant 0.0396513 402.027 54.764 416 134.053 
fire_hydrant 0.0246662 116.259 67.4619 163.109 143.69 
fire_hydrant 0.122562 391.134 70.4276 416 129.135 
fire_hydrant 0.0523878 118.385 56.6783 177.164 152.091 
fire_hydrant 0.691183 389.946 57.0201 416 150.902 
fire_hydrant 0.0254625 118.482 68.6331 176.704 168.453 
fire_hydrant 0.0606724 391.088 71.2947 416 165.797 
boat 0.0214554 248.435 11.3595 337.184 42.2479 
person 0.0221077 306.074 15.731 416 56.9793 
car 0.0216164 372.26 12.3413 416 41.344 
fire_hydrant 0.0902551 121.039 56.596 188.069 140.848 
fire_hydrant 0.0206544 140.367 46.2584 233.176 112.489 
fire_hydrant 0.0315775 178.345 41.8732 351.118 93.3396 
boat 0.0193591 199.605 45.4931 401.764 90.8556 
fire_hydrant 0.024607 266.411 49.9807 341.463 127.35 
fire_hydrant 0.123878 388.841 56.9118 416 150.697 
fire_hydrant 0.113604 119.296 69.553 175.889 163.386 
fire_hydrant 0.0190402 138.215 70.0547 225.887 162.639 
fire_hydrant 0.0630266 389.883 71.5654 416 173.114 
fire_hydrant 0.0195784 179.37 72.1112 355.027 194.48 
