person 0.0884246 126.654 59.8559 153.155 88.3145 
person 0.0269155 128.24 58.7469 156.696 87.9903 
person 0.13749 264.567 61.118 288.718 93.8783 
person 0.0872667 120.77 70.3796 156.497 95.7893 
person 0.0269151 262.034 66.5177 287.228 100.161 
person 0.0442388 391.988 77.3279 416 94.5457 
person 0.0423011 120.212 62.9052 161.351 98.3108 
person 0.123088 251.72 62.2986 305.068 102.264 
person 0.0395458 261.179 62.9176 294.183 101.379 
person 0.472353 390.7 61.5027 416 104.068 
person 0.517628 114.591 65.0947 165.765 103.266 
person 0.0387892 251.813 65.4783 304.764 105.708 
person 0.0316113 257.998 65.1689 293.769 104.364 
person 0.182183 390.161 65.5845 416 104.281 
person 0.0227988 388.248 56.0719 416 128.394 
