person 0.841426 94 174 117 215
person 0.750414 141 71 206 280
person 0.680332 348 168 372 253
person 0.646102 269 172 296 254
person 0.637407 297 180 319 249
person 0.610188 65 178 90 218
person 0.57289 318 168 345 255
person 0.431088 0 167 16 207
person 0.428618 32 169 55 232
person 0.416656 114 179 131 210
person 0.38111 391 173 413 264
person 0.36613 133 178 148 209
person 0.360574 376 161 397 265
horse 0.304088 51 203 171 390
horse 0.284854 31 135 261 402
person 0.263675 368 168 389 254
person 0.251067 299 179 318 218
person 0.243176 0 163 19 263
person 0.218076 306 166 323 205
horse 0.174216 154 106 270 384
person 0.154354 16 177 38 212
person 0.151545 12 172 40 232
person 0.0989325 269 174 294 215
person 0.0813795 349 165 368 208
person 0.0741451 350 177 371 218
person 0.0610894 392 177 413 216
person 0.0565519 140 171 157 204
person 0.0514446 363 175 377 219
