person 0.971343 96 20 196 344
person 0.900612 10 97 45 229
person 0.427458 0 100 19 233
person 0.40211 315 278 416 416
dining_table 0.395614 51 179 229 225
person 0.353813 363 280 416 405
horse 0.34238 17 267 267 416
person 0.311324 178 240 308 413
dining_table 0.129138 69 182 131 287
person 0.0932436 199 252 286 370
cow 0.0925709 255 98 347 183
dining_table 0.0912995 70 191 130 240
horse 0.0797254 118 318 299 416
chair 0.0641982 71 201 113 266
dining_table 0.057923 78 186 124 201
cow 0.0503275 193 89 348 256
