person 0.956154 180 104 233 230
person 0.945168 307 123 385 291
person 0.908544 230 116 286 236
person 0.808609 75 177 224 416
person 0.695192 227 202 363 416
person 0.643781 83 125 140 245
person 0.519265 219 37 255 167
book 0.460534 201 234 241 303
chair 0.420995 43 305 129 416
person 0.385409 74 129 133 342
laptop 0.372638 170 184 210 240
bottle 0.23575 363 273 379 322
book 0.233341 241 233 275 299
chair 0.229966 374 217 413 285
bottle 0.157924 385 277 402 319
book 0.0998968 197 229 266 320
person 0.088104 0 124 45 411
refrigerator 0.087708 38 90 110 179
suitcase 0.0875051 145 72 198 96
potted_plant 0.0780332 345 33 398 175
book 0.0746701 310 256 351 310
chair 0.0714433 78 194 94 273
chair 0.0689722 79 195 90 245
