cup 0.825875 321 260 366 331
person 0.692212 194 140 279 217
fork 0.682534 31 368 249 408
wine_glass 0.608112 377 291 416 398
knife 0.553524 336 352 387 402
fork 0.548993 68 364 221 398
person 0.523609 230 123 310 219
spoon 0.490225 294 369 337 410
person 0.475671 4 129 139 289
cup 0.443204 214 251 261 298
cup 0.426455 203 217 227 248
cup 0.399502 170 234 210 297
spoon 0.382587 327 359 406 416
dining_table 0.371818 52 185 416 416
person 0.361513 80 148 125 186
person 0.345496 339 99 415 315
cup 0.339027 138 216 168 243
person 0.320024 275 107 384 259
person 0.253226 118 142 140 171
cup 0.251223 137 204 166 232
person 0.249666 177 147 251 211
spoon 0.227095 293 364 384 416
person 0.202506 282 116 318 177
person 0.197812 284 115 314 146
sandwich 0.187111 271 302 319 325
person 0.16676 195 144 238 195
person 0.159624 246 120 316 187
wine_glass 0.159006 134 171 163 198
fork 0.156189 64 252 142 268
person 0.142185 1 326 52 415
person 0.141753 111 148 137 175
person 0.138042 37 135 128 233
wine_glass 0.127456 136 185 162 211
person 0.113309 40 174 133 249
cup 0.112629 138 233 169 257
fork 0.10566 169 356 227 394
cup 0.103733 158 196 180 233
sandwich 0.101593 253 318 283 338
bowl 0.096117 73 245 137 258
person 0.0879761 0 245 86 314
cup 0.0861855 219 223 243 246
cup 0.0855279 97 286 130 301
sandwich 0.0831115 265 308 322 347
person 0.0829017 0 131 90 234
sandwich 0.0821082 254 329 302 350
book 0.0775151 227 224 323 259
person 0.0758238 235 160 317 236
person 0.0749408 2 145 100 390
knife 0.0722966 349 233 411 286
person 0.0689592 183 146 209 168
knife 0.0684458 96 289 178 303
person 0.0678189 253 124 280 147
sandwich 0.061917 213 313 245 331
fork 0.0618855 44 394 261 415
cake 0.0610334 105 333 138 351
person 0.0604974 262 114 338 236
cup 0.0604381 152 216 175 248
person 0.0592849 222 152 269 213
cup 0.0575643 157 186 182 215
sandwich 0.0563292 184 285 290 346
bottle 0.0559772 173 185 208 238
cup 0.054793 216 233 248 258
person 0.051909 196 143 237 166
person 0.0500157 159 159 202 179
