bus 0.980162 235 147 398 332
person 0.888985 187 223 213 335
person 0.868189 221 224 244 328
person 0.845085 120 222 147 331
person 0.773913 84 224 108 341
person 0.760078 42 219 66 331
person 0.746022 207 222 230 332
person 0.603675 170 225 193 330
person 0.585833 152 224 177 331
person 0.447024 141 218 163 332
person 0.334237 58 222 77 337
person 0.281913 266 202 294 255
backpack 0.226243 210 244 228 280
person 0.0846835 149 217 164 252
person 0.0832465 316 213 339 248
person 0.0624628 226 223 241 266
person 0.0599004 207 220 224 251
handbag 0.0579338 45 227 62 268
handbag 0.0568452 224 244 241 279
