person 0.942637 322 254 345 363
person 0.880961 138 304 161 372
person 0.873293 171 265 193 369
person 0.839479 290 258 321 372
person 0.817572 221 253 283 415
person 0.671758 82 269 139 402
person 0.613498 271 272 294 358
person 0.593595 210 250 240 373
person 0.537767 110 268 136 353
skis 0.215929 40 283 72 405
skis 0.203165 323 356 355 372
skis 0.201472 292 353 330 372
skis 0.155012 8 271 32 383
skis 0.124652 358 358 395 368
skis 0.12225 276 354 317 369
skis 0.106444 42 281 65 345
skis 0.0944313 321 362 361 377
skis 0.0936928 207 362 235 381
skis 0.0904275 326 358 397 370
person 0.0849215 0 282 12 339
skis 0.0848965 64 380 163 416
person 0.0844856 0 270 18 354
snowboard 0.0736844 101 349 147 402
skis 0.05526 65 394 140 412
