person 0.995577 130 161 218 324
person 0.90995 240 79 284 229
person 0.671605 125 118 157 217
person 0.596074 204 135 230 194
person 0.557619 1 113 19 161
person 0.52651 376 148 416 325
person 0.419481 69 128 96 207
person 0.40324 338 284 410 405
person 0.380987 35 108 62 174
person 0.359621 155 117 184 187
person 0.328579 67 172 100 232
person 0.320335 109 173 136 228
person 0.312593 88 120 115 215
person 0.309734 343 141 364 182
person 0.258123 250 305 412 416
person 0.245191 93 115 121 162
chair 0.194432 0 132 20 170
person 0.16509 13 179 30 208
baseball_glove 0.151579 209 199 228 227
person 0.136206 87 176 106 221
person 0.110857 333 338 410 415
baseball_bat 0.107133 103 210 134 232
kite 0.106699 231 188 315 238
person 0.0912542 248 377 349 416
chair 0.0908244 10 126 24 172
chair 0.0751907 35 132 54 174
baseball_bat 0.069179 120 202 148 232
person 0.0631019 0 111 15 140
person 0.0622589 208 133 226 178
person 0.0615514 252 361 416 416
person 0.0597524 378 143 416 221
