banana 0.39615 251 181 340 253
apple 0.386165 81 1 211 31
orange 0.26804 195 0 298 31
banana 0.257273 348 206 415 252
banana 0.195726 28 70 127 130
banana 0.180849 2 66 102 144
apple 0.158603 90 9 120 26
banana 0.147862 0 58 357 286
banana 0.14695 254 105 331 174
banana 0.128715 16 106 60 154
banana 0.112073 312 102 378 174
banana 0.108668 50 80 94 125
banana 0.0961223 83 78 126 129
banana 0.0926552 282 209 337 252
apple 0.0899935 242 6 277 29
apple 0.0874073 116 8 148 27
banana 0.0871333 319 164 366 227
banana 0.0831002 0 190 48 240
banana 0.0805753 0 114 23 187
banana 0.0803598 253 188 297 249
apple 0.0791643 144 8 169 27
apple 0.077647 271 6 300 30
banana 0.0741037 134 112 216 193
orange 0.0726515 197 0 234 25
banana 0.0715382 100 76 252 216
person 0.0677492 0 52 24 119
apple 0.0647084 82 0 120 24
banana 0.061389 40 212 82 257
orange 0.060482 218 0 252 24
apple 0.0572025 150 0 195 22
banana 0.0537356 5 83 145 259
banana 0.0524415 161 121 236 191
