laptop 0.993595 186 218 335 403
laptop 0.992602 246 43 365 226
mouse 0.836303 166 318 202 359
keyboard 0.704894 0 301 163 415
person 0.654741 298 128 416 406
book 0.440323 142 171 158 217
keyboard 0.315323 262 132 352 217
book 0.274932 114 124 155 148
laptop 0.260843 0 119 168 409
book 0.259423 129 175 144 220
mouse 0.214681 117 277 146 305
book 0.181019 158 62 202 78
person 0.168207 327 54 413 291
book 0.161848 142 36 201 74
book 0.160729 147 79 191 97
book 0.140304 148 45 191 69
cell_phone 0.13343 350 150 372 177
book 0.132641 166 103 196 129
keyboard 0.128921 217 306 312 384
person 0.10843 261 85 406 331
book 0.1082 162 98 194 117
book 0.103252 113 114 163 154
book 0.099614 158 163 175 204
mouse 0.0890815 136 299 166 331
book 0.0834092 115 180 136 250
book 0.082931 102 93 192 146
chair 0.0799963 344 26 412 122
book 0.07953 143 31 189 53
book 0.0782912 114 78 150 98
book 0.0765833 162 47 199 71
book 0.0765024 115 137 160 160
book 0.0761002 115 99 165 142
book 0.0716634 130 29 175 51
person 0.0692167 369 63 416 219
book 0.0679212 123 172 149 230
book 0.0678165 117 181 134 216
book 0.0664884 103 26 201 69
book 0.0658232 116 58 148 83
keyboard 0.059655 269 142 329 188
book 0.0581357 169 124 198 150
mouse 0.0540384 134 292 197 330
cup 0.0518786 121 249 146 277
