broccoli 0.246153 6 111 149 252
broccoli 0.24144 33 182 247 360
broccoli 0.239958 38 128 78 178
broccoli 0.218976 0 214 102 372
broccoli 0.137772 184 20 381 190
dining_table 0.125984 0 40 353 380
bowl 0.122593 344 218 415 403
broccoli 0.108815 0 134 53 237
broccoli 0.103829 80 116 147 234
fork 0.101224 3 321 292 412
cake 0.0989143 402 220 416 373
broccoli 0.0988674 161 185 240 300
broccoli 0.0911069 45 280 118 369
broccoli 0.0746411 3 304 89 374
broccoli 0.0716861 192 260 237 301
broccoli 0.062947 22 122 84 220
sandwich 0.060159 303 183 416 229
cup 0.0584281 334 0 415 88
cup 0.0535469 1 0 79 79
