person 0.913546 269 107 412 414
person 0.902758 246 124 269 201
person 0.834197 15 130 35 213
bus 0.769981 68 79 149 187
person 0.689847 145 131 165 203
person 0.633432 39 130 59 213
person 0.603995 269 130 291 203
person 0.570758 128 136 146 199
person 0.469547 307 131 329 192
person 0.418578 387 122 409 211
bus 0.363875 125 88 239 161
backpack 0.340718 35 178 53 211
bus 0.334983 96 86 185 185
person 0.30673 1 130 20 208
person 0.275997 89 151 115 210
suitcase 0.274424 95 179 115 210
bus 0.25778 0 73 107 199
person 0.24194 389 126 407 168
bus 0.219666 182 105 224 163
person 0.183283 271 131 288 176
bus 0.176489 230 69 301 149
car 0.152287 280 106 299 136
suitcase 0.151731 59 176 84 213
car 0.151267 249 104 272 135
bus 0.148621 237 105 263 137
bus 0.133142 48 81 117 193
person 0.119965 150 137 174 199
motorbike 0.11782 284 162 306 203
bus 0.100068 155 90 190 176
bus 0.0961486 180 89 246 159
bus 0.0930487 215 113 245 161
person 0.0902605 157 136 178 172
bus 0.0831738 209 95 247 151
suitcase 0.0819068 159 164 175 197
bus 0.0752534 238 99 283 136
handbag 0.0678984 13 134 33 168
person 0.065892 1 145 15 193
person 0.0657448 213 112 227 153
motorbike 0.0622276 269 156 301 204
person 0.0622051 206 104 226 139
person 0.0562914 0 160 14 207
person 0.0554376 311 152 332 190
handbag 0.0529495 90 148 109 186
person 0.0523117 1 129 17 169
person 0.0514634 269 145 286 184
person 0.0514064 130 103 149 141
