person 0.900657 24 0 95 165
person 0.80803 172 0 250 152
person 0.793255 11 63 212 416
handbag 0.524291 76 0 101 61
person 0.285607 183 52 310 315
person 0.271136 77 64 338 413
bench 0.222814 210 267 402 415
chair 0.201008 0 125 103 355
person 0.18531 126 1 186 100
handbag 0.162404 241 289 312 362
backpack 0.131356 253 136 311 293
bench 0.118676 313 270 416 416
backpack 0.114014 36 0 69 54
handbag 0.10691 133 37 179 85
chair 0.101501 0 157 95 259
handbag 0.088972 129 0 177 51
person 0.0643026 16 35 37 110
person 0.0602896 135 90 266 386
backpack 0.0602359 233 124 316 350
book 0.0533899 392 318 415 340
