broccoli 0.598312 225 5 416 223
broccoli 0.484921 1 195 291 409
broccoli 0.469876 138 323 224 404
dining_table 0.465303 30 49 416 416
broccoli 0.330967 311 125 415 218
broccoli 0.328665 142 192 224 284
broccoli 0.217592 198 257 270 369
broccoli 0.201587 141 256 276 415
broccoli 0.167979 228 38 328 138
broccoli 0.0982968 157 235 252 318
broccoli 0.0783595 166 282 247 375
baseball_bat 0.0641288 6 0 219 182
broccoli 0.0635196 10 326 133 416
broccoli 0.0587587 43 253 242 414
broccoli 0.0560524 143 189 273 369
broccoli 0.054308 18 370 136 414
broccoli 0.0520887 311 0 413 76
