oven 0.646998 286 214 365 317
cup 0.583195 18 109 35 137
oven 0.451805 103 216 188 390
cup 0.404461 29 111 45 136
bottle 0.394175 45 106 60 134
sink 0.385087 181 206 227 220
cup 0.355052 0 100 14 137
dining_table 0.302899 166 276 392 414
sink 0.276904 146 202 266 231
refrigerator 0.254992 0 246 77 416
bottle 0.18477 302 179 324 216
refrigerator 0.170422 78 118 142 223
bowl 0.144411 377 288 402 314
bottle 0.0862805 59 98 75 134
cup 0.0809139 11 68 32 85
cup 0.0784993 401 296 416 329
refrigerator 0.06022 336 135 402 231
bottle 0.0546392 270 183 287 212
