laptop 0.968658 89 261 205 351
keyboard 0.929739 87 376 271 416
mouse 0.723467 271 382 306 402
person 0.536043 128 127 147 164
person 0.48095 177 131 194 164
person 0.361282 156 51 179 79
person 0.332156 128 47 147 77
person 0.324341 156 136 176 163
person 0.318987 188 50 206 80
keyboard 0.315528 90 316 205 344
chair 0.311897 19 365 121 416
person 0.299542 209 51 227 79
person 0.269954 272 128 289 162
person 0.260266 206 125 224 159
tvmonitor 0.203773 197 241 330 324
person 0.175702 40 100 60 137
bicycle 0.161574 232 21 317 79
person 0.150776 217 139 239 168
person 0.140962 153 127 172 157
person 0.112667 234 142 261 166
person 0.0720634 251 136 272 164
person 0.0699075 147 135 166 162
person 0.0698733 324 28 363 76
person 0.0589902 65 112 101 163
book 0.0553332 301 311 343 335
person 0.0518364 283 126 296 159
