person 0.830967 310 297 338 355
person 0.775254 197 373 234 416
kite 0.638349 204 144 236 165
person 0.608305 331 285 360 350
person 0.535076 379 306 411 358
person 0.281245 71 393 97 416
person 0.236792 404 301 416 355
bicycle 0.195307 334 328 358 354
person 0.169041 197 377 215 416
person 0.146592 0 351 13 404
kite 0.118208 219 168 246 195
person 0.108651 302 299 329 353
person 0.104046 217 374 234 415
bicycle 0.101218 266 357 288 385
person 0.10024 11 349 38 405
kite 0.0968033 202 146 248 192
bicycle 0.0920941 299 326 316 354
person 0.0873372 42 343 59 376
person 0.075441 65 341 83 382
person 0.0752958 300 302 317 351
kite 0.0752435 175 189 201 239
person 0.0722878 402 300 416 331
kite 0.0673941 132 93 167 105
bicycle 0.0607385 314 327 336 356
kite 0.0553211 178 188 200 208
person 0.0533836 14 349 34 380
person 0.0526467 378 298 401 325
