carrot 0.696129 334 82 410 164
bowl 0.555074 4 109 77 167
bowl 0.519025 28 392 59 415
carrot 0.510993 182 290 244 330
carrot 0.461467 164 333 249 410
carrot 0.416033 187 331 213 352
carrot 0.408238 216 334 244 353
bowl 0.373905 0 363 24 394
banana 0.369663 132 12 166 38
carrot 0.298516 218 351 246 379
carrot 0.278784 175 274 226 291
broccoli 0.268675 251 333 333 405
cake 0.252897 5 332 41 359
banana 0.202757 110 6 167 42
bowl 0.20085 106 8 174 70
carrot 0.199855 351 25 403 77
carrot 0.198773 197 285 240 311
carrot 0.176768 379 92 409 116
banana 0.167208 221 197 244 227
apple 0.162765 0 3 82 82
bowl 0.159175 32 358 57 389
carrot 0.153363 182 300 224 329
carrot 0.150861 46 120 71 147
person 0.145725 261 81 330 158
carrot 0.132914 169 345 193 372
carrot 0.132161 336 8 411 82
carrot 0.127531 372 82 410 99
cake 0.119166 22 299 46 327
bowl 0.11589 190 19 228 63
banana 0.114691 268 85 318 130
carrot 0.111619 185 353 214 373
carrot 0.110436 349 31 372 73
apple 0.109178 353 364 391 394
carrot 0.105509 168 333 192 354
carrot 0.103173 359 27 389 61
carrot 0.101999 344 9 368 34
carrot 0.100611 187 355 220 386
banana 0.0909552 202 216 221 246
broccoli 0.0794205 292 348 331 397
carrot 0.0753012 170 309 248 367
carrot 0.0749894 160 276 314 331
carrot 0.0742784 355 80 400 96
carrot 0.0741333 210 333 232 354
broccoli 0.0719111 297 361 326 393
cake 0.0718181 47 332 76 360
apple 0.0698595 82 249 164 334
bowl 0.0652968 1 249 77 332
spoon 0.0639497 105 169 142 249
bowl 0.0626831 232 29 250 60
person 0.0606464 335 167 410 243
sandwich 0.0603601 1 204 39 251
cake 0.0589989 61 373 83 405
orange 0.0586581 203 398 234 414
apple 0.0555335 239 162 327 240
carrot 0.0511145 376 39 406 72
sandwich 0.0511036 5 171 87 254
carrot 0.0510643 380 105 404 131
banana 0.0501688 251 141 276 164
