person 0.910998 11 180 25 280
person 0.901689 209 134 287 302
person 0.883446 324 124 388 300
person 0.584655 117 164 163 293
person 0.504649 282 122 298 188
person 0.324557 270 122 283 179
person 0.292771 322 132 337 178
skis 0.284497 203 286 326 320
person 0.22507 51 199 84 320
person 0.164391 0 185 13 276
boat 0.159309 0 349 81 389
skis 0.146666 227 274 296 291
skis 0.140462 214 271 282 283
skis 0.13925 219 260 318 300
person 0.128349 256 125 268 185
skis 0.12194 240 285 318 295
person 0.117218 321 131 342 235
skis 0.112709 297 294 384 332
person 0.103137 44 178 72 293
person 0.102019 239 131 254 171
person 0.101354 135 174 164 260
person 0.0927953 36 179 50 223
skis 0.0907532 322 250 407 301
skis 0.0761584 315 287 371 303
boat 0.0717714 0 325 51 361
person 0.0713447 118 165 131 205
person 0.0686046 115 179 128 222
skis 0.0674066 206 304 258 318
person 0.0655843 116 192 129 233
skis 0.0652165 328 261 359 287
person 0.0601571 328 128 357 247
person 0.0564702 242 146 258 192
skis 0.0546234 145 284 275 327
skis 0.0536376 162 293 334 331
skis 0.051706 167 298 379 357
