wine_glass 0.355359 327 241 390 358
person 0.342151 0 77 139 410
person 0.313576 14 52 275 416
bottle 0.244458 368 50 386 88
person 0.192134 105 4 252 345
bottle 0.186299 300 208 324 245
wine_glass 0.180582 317 128 402 414
bottle 0.162297 289 208 305 246
person 0.15076 117 103 137 136
potted_plant 0.134741 260 70 332 162
bottle 0.0967748 316 68 330 106
person 0.0688328 83 98 123 144
potted_plant 0.0649218 248 108 280 161
bottle 0.0642286 290 280 306 312
bottle 0.0556737 330 48 360 101
bottle 0.0524812 356 54 369 96
potted_plant 0.0505456 274 70 311 133
bottle 0.0504949 400 254 415 342
